241 0.37693977356
241 0.355005264282
232 0.339031219482
200 0.304937362671
190 0.302076339722
176 0.316143035889
176 0.31590461731
164 0.319957733154
164 0.322103500366
164 0.343084335327
164 0.367879867554
164 0.370979309082
155 0.384092330933
155 0.39005279541
155 0.391006469727
155 0.401973724365
155 0.411987304688
155 0.416994094849
145 0.436067581177
145 0.450134277344
145 0.448942184448
145 0.447034835815
145 0.458955764771
145 0.458955764771
140 0.456094741821
140 0.540971755981
140 0.473022460938
140 0.471115112305
120 0.480890274048
120 0.497102737427
120 0.513076782227
120 0.509977340698
120 0.602960586548
105 0.531911849976
105 0.638008117676
105 0.695943832397
105 0.530004501343
105 0.534772872925
102 0.529050827026
84 0.518083572388
84 0.518083572388
84 0.518083572388
84 0.527858734131
84 0.534057617188
84 0.537157058716
84 0.535011291504
84 0.532865524292
84 0.523805618286
84 0.531911849976
82 0.535011291504
82 0.539064407349
82 0.533103942871
82 0.534057617188
82 0.534057617188
71 0.555992126465
64 0.581979751587
64 0.593185424805
64 0.617027282715
64 0.637054443359
64 0.634908676147
64 0.655889511108
64 0.654935836792
64 0.689029693604
64 0.686883926392
64 0.687837600708
64 0.689029693604
64 0.687122344971
64 0.70595741272
64 0.70595741272
64 0.687122344971
64 0.688076019287
64 0.687122344971
64 0.735998153687
64 0.704050064087
64 0.730991363525
56 0.703096389771
56 0.717163085938
56 0.738859176636
56 0.736951828003
56 0.741958618164
56 0.773906707764
56 0.768899917603
56 0.768184661865
56 0.796794891357
56 0.810861587524
56 0.809907913208
56 0.810861587524
56 0.820159912109
56 0.823020935059
56 0.818967819214
56 0.813007354736
56 0.831842422485
56 0.832080841064
56 0.829935073853
56 0.844955444336
56 0.843048095703
56 0.838994979858
56 0.854969024658
56 0.849008560181
56 0.848054885864
56 0.849962234497
56 0.849962234497
56 0.847101211548
56 0.877141952515
56 0.877857208252
56 0.91290473938
52 0.923871994019
52 0.905990600586
52 0.936985015869
52 0.942945480347
48 0.772953033447
48 0.767946243286
48 0.76699256897
48 0.76699256897
48 0.779151916504
48 0.792026519775
48 0.818967819214
48 0.765800476074
48 0.770092010498
48 0.83589553833
48 0.814199447632
48 0.875949859619
48 0.895977020264
48 0.818967819214
48 0.817060470581
48 0.815868377686
47 0.746011734009
47 0.746965408325
47 0.74315071106
47 0.725030899048
47 0.724077224731
47 0.737190246582
47 0.734090805054
47 0.734090805054
47 0.736951828003
47 0.744104385376
47 0.753164291382
47 0.752925872803
47 0.749826431274
47 0.763893127441
47 0.765085220337
47 0.763893127441
47 0.761985778809
47 0.761032104492
47 0.762939453125
47 0.765800476074
42 0.785112380981
42 0.781059265137
42 0.775814056396
42 0.777959823608
42 0.776052474976
42 0.775098800659
40 0.881910324097
40 0.881910324097
40 0.881910324097
39 0.914096832275
39 0.930070877075
39 0.911951065063
39 0.927925109863
39 0.91290473938
39 0.91290473938
39 0.91290473938
39 0.900030136108
39 0.901222229004
39 0.900030136108
39 0.898122787476
39 0.898122787476
39 0.908136367798
39 0.909090042114
39 0.908136367798
39 0.912189483643
39 0.924110412598
39 0.923871994019
39 0.922203063965
39 0.904083251953
39 0.900983810425
39 0.919103622437
39 0.921964645386
39 0.921964645386
39 0.919818878174
39 0.933885574341
39 0.949859619141
39 0.905990600586
39 0.911951065063
39 0.972986221313
39 1.08003616333
39 0.921010971069
39 0.919103622437
39 0.91814994812
39 0.922203063965
39 0.928163528442
39 0.930070877075
39 0.927925109863
39 0.926971435547
39 0.929117202759
39 0.926971435547
36 0.952005386353
36 0.959873199463
36 0.977039337158
36 0.975131988525
36 0.962018966675
36 0.968933105469
36 0.968933105469
36 0.969171524048
36 0.972032546997
36 0.967979431152
36 0.971078872681
36 0.969171524048
36 0.969886779785
36 0.993013381958
36 0.999927520752
36 1.00088119507
36 1.01590156555
36 0.992059707642
36 0.991106033325
36 0.988006591797
36 0.993967056274
36 0.990867614746
36 0.98991394043
36 0.990152359009
36 0.988960266113
33 0.993013381958
33 0.993967056274
33 0.993013381958
33 0.994920730591
33 0.98705291748
31 1.03092193604
31 1.04403495789
31 1.03902816772
31 1.03807449341
31 1.01590156555
31 1.0199546814
31 1.03187561035
31 1.02496147156
31 1.02591514587
31 1.02400779724
31 1.02710723877
31 1.02615356445
31 1.02615356445
31 1.02186203003
31 0.976085662842
31 1.09195709229
31 0.996112823486
31 0.996112823486
31 0.999927520752
31 1.03092193604
31 1.13201141357
31 1.29699707031
31 1.00302696228
31 0.998020172119
31 0.998020172119
31 0.997066497803
31 1.04188919067
31 1.69396400452
31 1.69086456299
31 1.24096870422
31 1.51395797729
31 1.51920318604
31 1.41286849976
31 1.34682655334
31 1.37901306152
31 1.26791000366
31 1.20186805725
31 1.14417076111
31 1.08790397644
31 0.997066497803
31 1.00612640381
31 0.993967056274
31 0.998973846436
31 0.999927520752
31 0.998973846436
31 0.99515914917
31 1.00111961365
31 1.00302696228
31 0.98991394043
31 0.974178314209
31 0.977039337158
29 0.990152359009
29 0.921010971069
29 0.905990600586
29 0.904083251953
29 0.921010971069
25 0.946044921875
25 0.946044921875
25 0.927925109863
25 0.930070877075
25 0.928163528442
25 0.932931900024
25 0.931978225708
25 0.937938690186
25 0.933170318604
25 0.937938690186
25 0.937223434448
25 0.939130783081
25 0.961065292358
25 0.962018966675
25 0.960111618042
25 0.963926315308
25 0.961065292358
25 0.959873199463
25 0.982999801636
25 1.01613998413
25 0.982999801636
25 0.971078872681
25 0.978946685791
25 0.975131988525
25 0.977039337158
25 0.972986221313
25 0.978946685791
24 1.00207328796
24 1.0039806366
24 1.00111961365
24 1.0039806366
24 0.998973846436
24 1.00493431091
24 0.998973846436
24 1.00207328796
24 0.999927520752
24 1.00493431091
24 1.00016593933
24 1.0039806366
24 0.997066497803
24 1.0039806366
24 1.00111961365
24 1.00302696228
24 0.998973846436
24 1.00302696228
24 1.14488601685
24 1.0130405426
24 1.00612640381
24 1.00898742676
24 1.0039806366
24 1.00898742676
24 1.00612640381
24 1.00612640381
24 1.00493431091
24 1.00708007812
24 1.00898742676
24 1.00684165955
24 1.00493431091
24 1.00708007812
24 1.00708007812
24 1.00493431091
24 1.00684165955
24 1.00994110107
24 1.00517272949
24 1.00994110107
24 1.0039806366
24 1.01017951965
24 1.00493431091
24 1.00994110107
24 1.0039806366
24 1.00898742676
24 1.00493431091
24 1.00898742676
23 0.880002975464
23 0.881910324097
23 0.885009765625
23 0.883102416992
23 0.880002975464
23 0.880002975464
23 0.879049301147
23 0.885009765625
23 0.881195068359
23 0.881910324097
23 0.934839248657
23 0.884056091309
23 0.881195068359
23 0.886917114258
23 0.878095626831
23 0.880002975464
23 0.881195068359
23 0.885963439941
23 0.879049301147
23 0.88095664978
23 0.880002975464
23 0.885009765625
23 0.881195068359
23 0.88095664978
23 0.90217590332
23 0.883102416992
23 0.881910324097
23 0.881910324097
23 0.878810882568
23 0.884056091309
23 0.880002975464
23 0.882863998413
23 0.880002975464
23 0.88095664978
23 0.881195068359
23 0.885009765625
23 0.88095664978
23 0.884056091309
23 0.88095664978
23 0.879049301147
23 0.880002975464
23 0.882863998413
23 0.879049301147
23 0.879049301147
23 0.880002975464
23 0.882863998413
23 0.88095664978
23 0.883102416992
23 0.905990600586
23 0.905990600586
23 0.90503692627
23 0.933170318604
23 0.933885574341
23 0.938892364502
23 0.933170318604
23 0.931978225708
23 0.931978225708
23 0.931978225708
23 0.931024551392
23 0.941038131714
23 0.964164733887
23 0.967025756836
23 0.967979431152
23 0.964879989624
23 0.967979431152
23 0.968933105469
23 1.00612640381
23 0.982999801636
23 0.983953475952
23 0.980854034424
23 0.983953475952
23 0.962972640991
23 0.963926315308
23 0.967979431152
23 0.964879989624
23 0.964879989624
23 0.967025756836
23 0.96583366394
23 0.966787338257
23 0.967979431152
23 0.969171524048
23 0.964879989624
23 0.963926315308
23 0.971078872681
23 0.962018966675
23 0.967979431152
23 0.986099243164
23 0.985145568848
23 0.986099243164
23 0.986099243164
23 0.985860824585
23 0.982999801636
23 0.980854034424
23 0.982999801636
23 0.979900360107
23 0.982999801636
23 0.982999801636
23 0.982999801636
23 0.986814498901
23 0.977039337158
23 0.986099243164
23 0.972986221313
23 0.999927520752
23 0.996112823486
23 0.993967056274
23 1.0039806366
23 0.998020172119
23 0.995874404907
23 0.998973846436
23 1.00111961365
23 0.998973846436
23 1.00207328796
23 0.994205474854
23 0.998973846436
23 0.999927520752
23 0.998020172119
23 0.994920730591
23 1.00016593933
23 1.04904174805
23 0.998020172119
23 0.996112823486
23 0.999927520752
23 0.99778175354
23 0.996828079224
23 0.999927520752
23 0.999927520752
23 0.994920730591
23 0.998020172119
23 0.998973846436
23 1.00111961365
23 0.999927520752
23 0.997066497803
23 0.993967056274
23 0.999927520752
23 0.998020172119
23 0.994920730591
23 0.996112823486
23 1.00016593933
23 0.998020172119
23 0.99515914917
23 0.999927520752
23 1.02114677429
22 1.04904174805
22 1.05214118958
22 1.0941028595
22 1.08098983765
22 1.08098983765
22 1.08695030212
22 1.08194351196
22 1.08098983765
22 1.0781288147
22 1.08003616333
22 1.08194351196
22 1.08313560486
22 1.09910964966
22 1.07908248901
22 1.07598304749
22 1.08408927917
22 1.08098983765
22 1.08098983765
22 1.07598304749
22 1.0781288147
22 1.08003616333
22 1.08313560486
22 1.07908248901
22 1.08003616333
22 1.08003616333
22 1.08218193054
22 1.05404853821
22 1.05404853821
22 1.05309486389
22 1.05285644531
22 1.05381011963
22 1.05690956116
22 1.05309486389
22 1.05500221252
21 1.08313560486
21 1.08289718628
21 1.07884407043
21 1.07884407043
21 1.07598304749
21 1.08194351196
21 1.08194351196
21 1.08098983765
21 1.0781288147
21 1.08289718628
21 1.08408927917
21 1.06716156006
21 1.04904174805
21 1.05214118958
21 1.04784965515
21 1.05309486389
21 1.04999542236
21 1.04689598083
21 1.04904174805
21 1.05118751526
21 1.05094909668
21 1.05214118958
21 1.0769367218
21 1.07407569885
21 1.0769367218
21 1.07789039612
21 1.07789039612
21 1.07908248901
21 1.07598304749
21 1.07598304749
21 1.07312202454
21 1.0781288147
21 1.07002258301
21 1.02400779724
21 1.02090835571
21 1.02400779724
21 1.02305412292
21 1.02615356445
21 1.02591514587
21 1.02186203003
21 1.02090835571
21 1.02400779724
21 1.02114677429
21 1.02305412292
21 1.02210044861
21 1.02591514587
21 1.02281570435
21 1.02400779724
21 1.02591514587
21 0.998020172119
21 0.998020172119
21 0.998973846436
21 0.999927520752
21 0.998020172119
21 0.993967056274
21 1.00111961365
21 0.994920730591
21 1.00207328796
21 1.03998184204
21 0.998020172119
21 0.994920730591
21 0.993967056274
21 0.999927520752
21 1.00111961365
21 0.999927520752
21 1.00207328796
21 0.998020172119
21 0.995874404907
21 0.992059707642
21 0.999927520752
21 0.998973846436
21 0.998020172119
21 0.993967056274
21 1.00207328796
20 0.971078872681
20 0.971078872681
20 0.972986221313
20 0.972032546997
20 0.970840454102
19 0.998020172119
19 0.990152359009
19 0.998973846436
19 0.998020172119
19 0.999927520752
19 1.00588798523
19 1.03807449341
19 0.998973846436
19 0.998020172119
19 0.998973846436
19 1.00088119507
19 0.996112823486
19 0.993967056274
19 0.997066497803
19 1.00302696228
19 0.998973846436
19 0.998973846436
19 0.996112823486
19 0.997066497803
19 0.994920730591
19 0.999927520752
19 1.00111961365
19 1.1100769043
19 0.997066497803
19 0.996112823486
19 0.994920730591
19 0.996112823486
19 1.0449886322
18 0.974178314209
18 0.96607208252
18 0.974178314209
18 0.946998596191
18 0.947952270508
18 0.945091247559
18 0.943899154663
18 0.94199180603
18 0.947952270508
18 0.947952270508
18 0.949144363403
18 0.946998596191
17 0.971794128418
17 0.968933105469
17 0.972986221313
17 0.968933105469
17 0.972032546997
17 0.971078872681
17 0.972032546997
17 0.970840454102
17 0.971794128418
17 0.968933105469
17 0.969171524048
17 0.968933105469
17 1.06501579285
17 0.967979431152
17 0.97393989563
17 0.970125198364
17 1.0039806366
17 0.972032546997
17 0.972986221313
17 0.968933105469
17 0.97393989563
17 0.969886779785
17 0.971794128418
17 0.971078872681
17 0.971078872681
17 0.970125198364
17 0.972986221313
17 0.969886779785
17 0.972986221313
17 0.996112823486
17 1.00016593933
17 0.995874404907
17 0.997066497803
17 0.998020172119
17 0.998020172119
17 0.995874404907
17 1.00898742676
17 1.09100341797
17 0.998973846436
17 0.995874404907
16 1.05094909668
16 1.04904174805
16 1.04689598083
16 1.0461807251
16 1.05094909668
16 1.02519989014
16 1.02496147156
16 1.02305412292
16 1.02615356445
16 1.0199546814
16 1.02591514587
16 1.02400779724
16 1.02281570435
16 1.02305412292
16 1.02210044861
16 1.02305412292
16 1.02400779724
16 1.02400779724
16 1.02305412292
16 1.02305412292
16 1.02496147156
16 1.02305412292
16 1.02591514587
16 1.02400779724
16 1.02376937866
16 1.01900100708
16 1.02400779724
16 1.02400779724
16 1.02591514587
16 1.02281570435
16 1.02400779724
16 1.02210044861
16 1.02400779724
16 1.02281570435
16 1.02210044861
16 1.02186203003
16 1.02591514587
16 1.02400779724
16 1.02186203003
16 1.02281570435
16 1.02400779724
16 1.02210044861
16 1.02591514587
16 1.0199546814
16 1.02496147156
16 1.01900100708
16 1.02400779724
16 1.02186203003
16 1.02186203003
16 1.02210044861
16 1.02305412292
16 1.02400779724
16 1.02496147156
16 1.02400779724
16 1.02496147156
16 1.0199546814
16 1.02615356445
16 1.01804733276
16 1.02710723877
16 1.02496147156
16 1.02186203003
16 1.06501579285
16 1.02400779724
16 1.02400779724
16 1.02519989014
16 1.04904174805
16 1.02806091309
16 1.0199546814
16 1.02686882019
16 1.08695030212
16 1.02591514587
16 1.02305412292
16 1.02400779724
16 1.05619430542
16 1.02210044861
16 1.07908248901
16 1.02305412292
16 1.02591514587
16 1.02281570435
16 1.02400779724
16 1.02591514587
16 1.01900100708
16 1.02591514587
16 1.02114677429
16 1.02615356445
16 1.02400779724
16 1.02210044861
16 1.02400779724
16 1.02186203003
16 1.02591514587
16 1.02400779724
16 1.02591514587
16 1.01900100708
16 1.02400779724
16 1.02710723877
16 1.02305412292
16 1.02496147156
16 1.0199546814
16 1.02519989014
16 1.02281570435
16 1.02305412292
16 1.02305412292
16 1.02400779724
16 1.02305412292
16 1.02686882019
16 1.02615356445
16 1.02496147156
16 1.02305412292
16 1.02400779724
16 1.02210044861
16 1.02496147156
16 1.02019309998
16 1.02806091309
16 1.0199546814
16 1.02806091309
16 1.02281570435
16 1.02591514587
16 1.02281570435
16 1.02210044861
16 1.02496147156
16 1.02305412292
16 1.02400779724
16 1.02186203003
16 1.02400779724
16 1.02400779724
16 1.02114677429
16 1.02400779724
16 1.02305412292
16 1.02806091309
16 1.02281570435
16 1.02400779724
16 1.02591514587
16 1.02281570435
16 1.02591514587
16 1.02400779724
16 1.02281570435
16 1.02496147156
16 1.02400779724
16 1.02615356445
16 1.0199546814
16 1.18899345398
16 1.0199546814
16 1.02281570435
16 1.02496147156
16 1.02305412292
16 1.02400779724
16 1.02186203003
16 1.07288360596
16 1.07598304749
16 1.07407569885
16 1.07717514038
16 1.07502937317
16 1.07789039612
16 1.07288360596
16 1.07479095459
16 1.06906890869
16 1.07383728027
16 1.07502937317
16 1.0769367218
16 1.07383728027
16 1.0769367218
16 1.07502937317
16 1.07598304749
16 1.07407569885
16 1.07192993164
16 0.994920730591
16 1.00088119507
16 0.997066497803
16 1.00016593933
16 0.970840454102
16 0.969886779785
16 1.02710723877
16 0.974178314209
16 0.970840454102
16 0.967979431152
16 0.970125198364
16 0.971078872681
16 0.96607208252
16 0.967979431152
16 0.968933105469
16 0.972986221313
16 0.972032546997
16 0.968217849731
16 0.971078872681
16 0.972986221313
16 0.967979431152
16 0.968933105469
16 0.972032546997
16 0.972986221313
16 0.968933105469
16 0.970125198364
16 0.997066497803
16 0.969171524048
16 0.96607208252
16 0.972986221313
16 1.01804733276
16 0.974178314209
16 0.967025756836
16 0.974178314209
16 0.969886779785
16 0.967979431152
16 0.969886779785
16 0.979900360107
16 0.967979431152
16 0.968933105469
16 0.993013381958
16 0.975131988525
16 0.97393989563
16 0.972032546997
16 0.969886779785
16 0.974893569946
16 0.971794128418
16 0.970840454102
16 0.968933105469
16 0.972032546997
16 0.96607208252
16 0.969886779785
16 0.971078872681
16 0.972032546997
16 0.967979431152
16 0.970125198364
16 0.971078872681
16 0.972032546997
16 0.969171524048
16 0.969886779785
16 0.968933105469
16 0.969171524048
16 0.967979431152
16 0.971078872681
16 0.970125198364
16 0.969886779785
16 0.968933105469
16 0.976085662842
16 0.970125198364
16 0.970125198364
16 0.969886779785
16 0.970840454102
16 0.967979431152
16 0.967979431152
16 0.970840454102
16 0.970840454102
16 0.967979431152
16 0.972986221313
16 0.971078872681
16 0.975131988525
16 0.967025756836
16 0.972032546997
16 0.972986221313
16 0.972986221313
16 0.966787338257
16 0.970840454102
16 0.972986221313
16 0.972986221313
15 0.942945480347
15 0.945806503296
15 0.942945480347
15 0.946044921875
15 0.943899154663
15 0.944852828979
15 0.946044921875
15 0.941038131714
15 0.946998596191
15 0.946998596191
15 0.947952270508
15 0.942945480347
15 0.945091247559
15 0.946998596191
15 0.945091247559
15 0.945091247559
15 0.940799713135
15 0.947952270508
15 0.941038131714
15 0.946998596191
15 0.943899154663
15 0.948905944824
15 0.944852828979
15 0.945091247559
15 0.947952270508
15 0.943899154663
15 0.943899154663
15 0.944137573242
15 0.944137573242
15 0.943899154663
15 0.944852828979
15 0.946044921875
15 0.945806503296
15 0.949144363403
15 0.944137573242
15 0.946044921875
15 0.94199180603
15 0.949144363403
15 0.942945480347
15 0.946998596191
15 0.944137573242
15 0.946044921875
15 0.974178314209
15 0.942945480347
15 0.946998596191
15 0.94199180603
15 0.944852828979
15 0.944852828979
15 0.944137573242
15 0.945091247559
15 0.944137573242
15 0.946044921875
15 0.943899154663
15 0.946998596191
15 0.94199180603
15 0.944852828979
15 0.943899154663
15 0.944852828979
