18179 40.0080680847
18170 39.3891334534
18163 39.5040512085
18163 41.8598651886
18159 39.7930145264
18151 39.3800735474
18145 39.3459796906
18110 39.2439365387
18110 39.3929481506
18106 40.2009487152
18083 40.7090187073
18064 40.1909351349
18064 41.4237976074
18058 41.925907135
18053 40.6138896942
18032 39.5219326019
18032 39.5660400391
18024 39.6189689636
17996 39.4790172577
17977 39.4198894501
17977 39.5150184631
17977 39.4818782806
17977 39.5231246948
17962 39.5700931549
17962 39.6230220795
17949 43.7049865723
17883 40.4469966888
17883 39.6330356598
17872 39.4821166992
17872 39.7319793701
17872 45.6731319427
17872 39.962053299
17831 39.7880077362
17824 39.7770404816
17800 39.9677753448
17790 39.8218631744
17790 39.8170948029
17777 39.8240089417
17776 41.7079925537
17775 39.8001670837
17775 39.7911071777
17765 39.8638248444
17754 39.9498939514
17722 39.9289131165
17722 40.0919914246
17722 39.9188995361
17722 39.9959087372
17713 40.097951889
17703 39.999961853
17703 40.1968955994
17703 40.2939319611
17672 40.2729511261
17672 40.2710437775
17663 40.1239395142
17636 40.1799678802
17636 40.0280952454
17636 40.1470661163
17636 40.2071475983
17618 40.2050018311
17618 41.3198471069
17618 40.8298969269
17595 40.9560203552
17580 42.9079532623
17552 42.7029132843
17552 40.295124054
17540 40.8849716187
17540 40.8010482788
17540 40.8608913422
17518 40.9269332886
17518 41.0799980164
17506 41.170835495
17506 40.4510498047
17487 41.1419868469
17487 40.4448509216
17480 41.1269664764
17480 46.3411808014
17465 45.4950332642
17439 41.2838459015
17439 40.5850410461
17439 41.3229465485
17426 41.2089824677
17426 40.5781269073
17406 41.3157939911
17383 41.8450832367
17383 41.218996048
17368 41.3129329681
17362 42.9899692535
17362 43.3709621429
17362 40.9460067749
17304 40.8480167389
17301 41.307926178
17233 41.6209697723
17233 40.8170223236
17233 41.3510799408
17233 40.8370494843
17217 41.5818691254
17217 41.3770675659
17194 41.5680408478
17189 40.9989356995
17186 41.6550636292
17186 41.5818691254
17168 41.7239665985
17165 41.6040420532
17165 41.6719913483
17165 41.1992073059
17123 42.0570373535
17059 41.0649776459
17059 42.3390865326
17059 41.6848659515
17020 41.1109924316
17001 42.3698425293
17000 44.8219776154
16995 41.5699481964
16981 41.0208702087
16966 41.5251255035
16944 40.9729480743
16944 41.6769981384
16944 41.7141914368
16941 41.0530567169
16941 41.7680740356
16941 41.671037674
16941 41.6889190674
16936 41.1791801453
16934 42.2089099884
16923 44.9390411377
16923 42.2818660736
16922 41.4338111877
16922 42.2530174255
16906 42.1879291534
16861 42.2019958496
16844 41.5410995483
16839 42.4349308014
16839 41.4090156555
16839 42.102098465
16839 43.1268215179
16839 41.8479442596
16839 42.2239303589
16818 42.3491001129
16818 41.5189266205
16811 42.2258377075
16783 42.3789024353
16783 42.1979427338
16783 41.5508747101
16783 42.3550605774
16775 41.6250228882
16752 42.3080921173
16752 42.4089431763
16752 41.6731834412
16732 42.4950122833
16732 42.3359870911
16721 42.338848114
16707 42.2940254211
16696 42.3829555511
16696 42.4280166626
16696 42.3910617828
16696 43.1439876556
16696 42.4971580505
16637 42.4299240112
16609 45.5820560455
16571 42.2339439392
16545 41.8009757996
16513 42.6008701324
16513 41.9948101044
16510 42.4821376801
16494 42.5000190735
16450 42.5980091095
16432 41.9819355011
16428 42.5698757172
16427 42.6321029663
16411 41.8810844421
16403 42.6938533783
16403 45.4859733582
16403 43.998003006
16403 42.6020622253
16376 42.083978653
16376 42.711019516
16376 42.8121089935
16376 42.1299934387
16329 43.331861496
16329 42.8478717804
16327 42.788028717
16327 43.6940193176
16327 42.4628257751
16327 42.487859726
16327 42.8199768066
16327 42.7889823914
16327 42.4129962921
16327 42.8900718689
16318 42.2759056091
16295 43.0760383606
16293 42.4129962921
16293 42.8857803345
16285 42.9768562317
16268 42.4029827118
16268 43.1268215179
16268 43.3180332184
16249 42.9799556732
16244 43.0579185486
16244 42.4888134003
16240 42.8330898285
16240 42.4890518188
16226 43.1389808655
16209 47.5709438324
16198 42.7339076996
16193 42.8941249847
16157 45.5648899078
16157 44.6429252625
16157 42.5930023193
16157 43.1869029999
16110 42.5219535828
16110 43.3280467987
16110 43.2729721069
16110 43.2422161102
16110 43.3330535889
16076 42.6120758057
16076 43.3609485626
16041 42.7231788635
15994 43.3440208435
15994 45.0809001923
15994 46.7338562012
15976 43.8477993011
15966 47.4598407745
15966 42.8161621094
15966 42.6619052887
15926 43.5321331024
15926 44.0709590912
15926 42.7680015564
15926 44.3730354309
15898 43.9670085907
15898 43.1599617004
15898 43.0591106415
15898 43.2360172272
15898 43.0738925934
15883 43.2250499725
15883 43.1439876556
15866 43.1590080261
15864 44.1780090332
15857 44.615983963
15857 52.4299144745
15857 43.604850769
15857 47.8160381317
15837 48.9761829376
15837 43.998003006
15837 44.1541671753
15763 43.8251495361
15736 43.8270568848
15736 43.2469844818
15685 44.734954834
15670 44.7330474854
15658 43.5662269592
15632 44.4478988647
15632 43.6029434204
15592 44.2671775818
15588 43.4160232544
15588 44.2061424255
15547 44.1288948059
15547 44.0289974213
15529 43.5791015625
15525 43.7088012695
15517 43.6429977417
15516 43.5080528259
15516 49.2680072784
15516 48.3901500702
15516 44.5911884308
15498 44.5070266724
15483 44.3120002747
15483 44.429063797
15476 44.4660186768
15458 44.2700386047
15458 44.4509983063
15458 43.7669754028
15458 44.3329811096
15458 44.665813446
15430 44.7340011597
15380 48.3129024506
15380 43.9538955688
15379 43.7350273132
15367 46.2689399719
15367 47.9419231415
15354 44.4068908691
15354 48.6278533936
15354 49.6158599854
15349 52.6180267334
15349 44.8541641235
15349 44.7428226471
15349 45.1331138611
15329 44.5230007172
15319 43.6899662018
15319 44.3592071533
15319 44.6009635925
15315 44.4869995117
15274 44.2309379578
15274 44.74401474
15274 44.5430278778
15259 45.2289581299
15259 44.8651313782
15259 48.6469268799
15259 44.5199012756
15230 43.9591407776
15230 44.5449352264
15230 44.4478988647
15230 43.9260005951
15230 44.6350574493
15202 43.8170433044
15202 44.5449352264
15202 49.262046814
15202 49.4511127472
15145 44.4729328156
15145 44.2800521851
15145 44.1570281982
15118 44.9450016022
15118 44.7120666504
15118 44.9321269989
15102 44.1408157349
15091 45.2620983124
15091 44.912815094
15086 46.0197925568
15076 44.713973999
14999 45.1490879059
14999 47.8329658508
14999 44.8939800262
14999 54.3601512909
14997 44.4910526276
14947 44.9390411377
14923 44.1908836365
14923 45.0329780579
14923 44.2178249359
14889 45.4709529877
14889 45.0141429901
14854 44.6228981018
14853 45.8991527557
14853 45.0708866119
14840 44.2659854889
14840 44.9540615082
14840 45.1140403748
14840 45.0928211212
14840 45.0580120087
14840 45.1400279999
14814 48.0129718781
14814 45.0119972229
14814 44.3599224091
14814 45.2349185944
14814 46.7669963837
14814 47.4920272827
14810 51.1958599091
14810 50.5859851837
14803 48.5670566559
14796 45.9420681
14796 45.2191829681
14796 46.5710163116
14796 45.5558300018
14729 44.9628829956
14729 45.0401306152
14668 44.261932373
14666 44.8958873749
14648 44.5020198822
14644 45.1970100403
14644 45.6190109253
14644 44.2969799042
14640 45.126914978
14640 45.6171035767
14637 45.2020168304
14614 45.1500415802
14609 44.4710254669
14585 44.5230007172
14545 45.1309680939
14545 45.1791286469
14545 44.5280075073
14531 45.2589988708
14522 44.5699691772
14522 44.3871021271
14522 44.7030067444
14510 49.6270656586
14510 45.175075531
14510 44.4569587708
14510 44.9891090393
14510 44.9438095093
14510 45.343875885
14510 45.028924942
14510 46.4608669281
14510 45.8040237427
14458 45.1519489288
14407 45.6578731537
14394 45.3250408173
14393 45.0599193573
14374 44.8391437531
14366 45.2709197998
14328 45.1791286469
14322 44.6081161499
14322 45.4540252686
14318 45.4580783844
14293 48.4418869019
14286 45.0549125671
14286 44.8460578918
14286 44.6949005127
14286 44.9831485748
14248 44.7778701782
14241 45.3159809113
14241 44.8639392853
14241 45.5980300903
14241 44.7208881378
14241 45.9699630737
14233 45.7079410553
14233 44.7161197662
14231 46.6370582581
14231 45.6781387329
14231 45.5768108368
14228 45.6740856171
14224 44.8091030121
14224 45.5679893494
14224 45.0329780579
14162 45.5458164215
14159 45.6581115723
14159 45.76587677
14149 44.8977947235
14113 50.1670837402
14113 45.0160503387
14097 45.2301502228
14091 45.9339618683
14091 45.8679199219
14091 44.921875
14090 45.9361076355
14090 45.2132225037
14060 48.0411052704
14059 45.154094696
14050 45.8040237427
14050 46.2698936462
14050 45.8569526672
14048 45.7670688629
14048 45.6929206848
14048 44.930934906
14048 45.6178188324
14047 45.6409454346
14047 45.0060367584
14047 45.8669662476
14047 45.019865036
14047 45.6149578094
14042 50.5259037018
14042 46.5290546417
14015 45.2959537506
14015 46.0429191589
13992 46.0138320923
13975 46.03099823
13975 45.5131530762
13965 45.9570884705
13965 47.8858947754
13965 45.392036438
13938 46.1721420288
13938 51.7251491547
13912 46.0720062256
13908 45.7520484924
13908 51.3370037079
13908 49.6711730957
13874 46.4370250702
13866 45.5269813538
13862 46.1359024048
13817 46.0891723633
13817 46.2028980255
13797 46.2789535522
13797 46.1690425873
13788 45.6080436707
13781 46.1659431458
13781 45.5729961395
13781 46.215057373
13773 46.138048172
13773 45.4850196838
13773 46.9138622284
13708 46.03099823
13708 46.3929176331
13679 50.6250858307
13673 45.8590984344
13673 46.6601848602
13673 46.4019775391
13673 46.5590953827
13670 46.7319488525
13670 46.5950965881
13670 45.8810329437
13670 45.9079742432
13670 46.0338592529
13670 46.0340976715
13670 50.7271289825
13614 46.5278625488
13614 46.3879108429
13614 45.8111763
13614 46.9229221344
13559 46.070098877
13559 46.8139648438
13559 46.8220710754
13556 47.7440357208
13555 46.5459823608
13543 47.7039813995
13535 47.3330020905
13535 46.5378761292
13535 45.8228588104
13535 46.5919971466
13535 46.483039856
13535 46.5040206909
13524 45.7389354706
13513 46.7278957367
13513 46.4990139008
13513 46.5829372406
13513 45.9799766541
13513 46.5250015259
13513 47.621011734
13491 46.8180179596
13491 46.8969345093
13491 46.0159778595
13491 47.3101139069
13491 47.2891330719
13481 50.8029460907
13481 46.5068817139
13474 46.4608669281
13473 48.3379364014
13441 47.0049381256
13441 46.0958480835
13441 47.7361679077
13441 52.6897907257
13438 50.0140190125
13438 54.0888309479
13438 51.3370037079
13430 53.5709857941
13412 52.9239177704
13402 51.3589382172
13384 50.509929657
13384 51.1510372162
13384 51.265001297
13384 55.5229187012
13384 51.3939857483
13379 51.5949726105
13379 50.7621765137
13379 51.521062851
13379 51.805973053
13379 51.4781475067
13379 55.3510189056
13379 51.4028072357
13375 51.087141037
13375 51.4731407166
13366 51.647901535
13366 55.1750659943
13359 51.589012146
13282 50.8630275726
13282 55.1698207855
13281 55.8249950409
13281 51.568031311
13281 53.6460876465
13281 53.4579753876
13281 51.8910884857
13273 51.5239238739
13260 51.7959594727
13256 51.8789291382
13256 54.2840957642
13256 51.8529415131
13239 51.3541698456
13239 51.9969463348
13224 54.615020752
13221 47.1210479736
13187 47.1858978271
13187 47.3289489746
13187 47.1818447113
13187 47.5089550018
13187 46.5450286865
13187 46.8239784241
13184 46.9410419464
13184 47.2800731659
13184 47.4038124084
13183 51.4919757843
13183 46.7050075531
13167 47.4119186401
13148 48.8848686218
13142 50.4820346832
13106 57.39402771
13106 57.1019649506
13097 47.7919578552
13097 47.5280284882
13080 47.7290153503
13080 47.9440689087
13080 47.7209091187
13080 47.8730201721
13080 47.6739406586
13080 47.6720333099
13080 46.9250679016
13041 47.6541519165
13041 50.4128932953
13041 56.1201572418
13041 47.7771759033
13041 46.9498634338
13041 47.6810932159
13041 47.9891300201
13041 49.553155899
13026 55.1788806915
13024 60.0781440735
13006 55.438041687
13006 62.472820282
12949 53.8148880005
12929 52.6330471039
12893 54.9139976501
12873 54.7859668732
12871 53.3728599548
12871 57.2459697723
12871 52.659034729
12871 56.8909645081
12854 57.037115097
12854 60.4269504547
12843 58.4008693695
12829 53.9419651031
12826 55.7940006256
12826 54.3711185455
12826 53.365945816
12826 55.6418895721
12826 53.3740520477
12826 56.037902832
12826 56.5059185028
12826 51.7761707306
12821 53.9140701294
12821 53.946018219
12821 54.6910762787
12821 52.3698329926
12791 59.7879886627
12773 54.260969162
12773 60.4748725891
12773 57.1179389954
12773 57.2640895844
12753 59.3018531799
12753 56.049823761
12751 61.516046524
12751 59.8111152649
12751 57.9249858856
12739 49.3438243866
12731 48.4039783478
12731 48.3238697052
12731 47.4288463593
12725 48.5899448395
12725 49.5879650116
12725 48.4621524811
12725 49.3149757385
12692 51.1980056763
12692 48.3829975128
12692 48.2630729675
12672 49.2479801178
12672 58.5539340973
12672 55.2349090576
12669 60.6009960175
12669 55.1109313965
12667 51.6850948334
12647 48.8290786743
12647 48.3820438385
12638 54.2411804199
12638 56.4620494843
12638 50.9219169617
12598 60.6679916382
12594 61.0980987549
12594 59.2520236969
12594 62.7799034119
12594 62.0939731598
12588 60.4929924011
12588 60.7209205627
12588 56.1821460724
12588 53.1280040741
12563 53.3249378204
12525 53.4520149231
12525 49.0379333496
12478 50.7640838623
12469 56.3731193542
12469 53.7650585175
12454 50.3780841827
12454 48.5620498657
12454 48.712015152
12454 48.3419895172
12454 48.2361316681
12454 48.5520362854
12445 48.327922821
12425 52.628993988
12425 55.1099777222
12425 55.1121234894
12425 50.5979061127
12425 48.2311248779
12410 48.8209724426
12399 50.7290363312
12399 55.5849075317
12386 50.6479740143
12386 48.4330654144
12386 49.5030879974
12386 48.8860607147
12382 51.146030426
12377 56.361913681
12377 61.8560314178
12377 60.7178211212
12348 63.2891654968
12348 61.1290931702
12333 61.0380172729
12333 58.8300228119
12333 61.203956604
12329 59.0989589691
12329 61.5630149841
12317 61.2330436707
12311 59.9179267883
12311 59.39412117
12301 59.8831176758
12301 59.3061447144
12288 60.8830451965
12288 59.4830513
12261 64.22996521
12254 61.4750385284
12254 60.4190826416
12248 62.4661445618
12248 60.574054718
12248 61.5739822388
12248 60.1270198822
12248 61.4438056946
12248 60.7590675354
12188 61.539888382
12188 53.769826889
12188 52.0269870758
12171 48.721075058
12171 48.5138893127
12171 54.5728206635
12171 51.8980026245
12135 50.0550270081
12135 49.1740703583
12135 52.1559715271
12130 49.2560863495
12130 48.7220287323
12130 48.5570430756
12130 49.4389533997
12130 48.5811233521
12130 50.2750873566
12130 52.8159141541
12130 49.4449138641
12130 48.4459400177
12130 49.5901107788
12130 48.5970973969
12129 48.709154129
12129 48.5589504242
12127 49.5529174805
12127 48.4790802002
12124 48.7830638885
12099 48.7439632416
12099 49.2780208588
12099 50.0380992889
12099 49.6129989624
12099 48.5339164734
12099 49.437046051
12085 48.6960411072
12085 49.4220256805
12085 48.6888885498
12085 49.5159626007
12073 48.5150814056
12073 48.8710403442
12073 48.7549304962
12073 49.6308803558
12061 48.5789775848
12043 49.5760440826
12043 48.6381053925
12043 48.7599372864
12043 48.928976059
12043 48.8660335541
12043 53.2369613647
12043 48.8259792328
12032 50.2560138702
12032 48.8901138306
12032 49.7450828552
12028 49.4260787964
12028 49.5979785919
12028 48.8591194153
12028 49.8311519623
12028 49.5979785919
12028 49.6020317078
12028 49.1499900818
11991 49.0620136261
11979 49.0219593048
11979 49.3500232697
11979 48.9959716797
11979 49.7930049896
11979 54.4981956482
11979 49.7589111328
11979 50.0481128693
11979 53.3638000488
11979 56.1099052429
11979 52.2029399872
11979 52.9379844666
11979 49.9739646912
11979 49.9248504639
11979 50.518989563
11979 50.1348972321
11968 50.950050354
11968 49.7808456421
11968 49.9560832977
11968 50.1499176025
11959 50.1008033752
11959 50.0218868256
11959 49.3528842926
11954 49.4968891144
11954 49.5591163635
11954 50.2099990845
11924 50.4269599915
11924 50.20403862
11924 51.1140823364
11924 50.2882003784
11907 50.7228374481
11907 49.546957016
11907 49.5340824127
11907 50.411939621
11899 50.0929355621
11890 50.1310825348
11878 50.20403862
11878 50.0061511993
11878 50.0550270081
11878 50.2231121063
11878 49.3450164795
11864 50.0681400299
11862 49.5719909668
11862 50.1608848572
11862 50.2150058746
11862 49.439907074
11862 50.3761768341
11831 50.1968860626
11829 50.6129264832
11824 50.4369735718
11824 51.7699718475
11824 49.7858524323
11824 50.5750179291
11820 50.7888793945
11812 52.659034729
11806 49.7999191284
11806 49.7798919678
11806 50.4939556122
11783 50.8041381836
11783 51.3470172882
11783 50.4591464996
11783 51.3210296631
11783 50.5599975586
11783 50.4479408264
11783 50.6248474121
11765 50.5361557007
11765 50.7340431213
11760 50.9841442108
11760 50.2939224243
11760 56.8029880524
11760 53.9269447327
11740 50.8601665497
11726 53.9448261261
11726 50.9269237518
11726 50.7159233093
11690 50.7249832153
11690 50.8999824524
11667 51.2747764587
11667 50.6420135498
11667 54.7389984131
11667 50.213098526
11667 50.5540370941
11667 51.7809391022
11667 50.5151748657
11667 50.194978714
11651 50.0929355621
11651 50.5990982056
11644 50.3680706024
11644 50.2278804779
11644 52.5181293488
11631 50.9729385376
11631 50.2390861511
11617 50.2281188965
11600 50.8317947388
11591 55.8381080627
11591 50.4629611969
11577 50.4169464111
11576 51.0020256042
11534 51.04804039
11534 51.0869026184
11534 50.5139827728
11515 51.0561466217
11515 51.0449409485
11515 51.2058734894
11515 51.0239601135
11515 51.2869358063
11512 52.0710945129
11512 55.9549331665
11512 51.687002182
11512 51.3868331909
11512 51.0969161987
11512 53.7610054016
11502 54.9030303955
11502 50.6420135498
11502 51.1631965637
11491 51.2590408325
11491 50.4829883575
11491 50.194978714
11491 51.2228012085
11458 51.1791706085
11458 51.1140823364
11457 51.1291027069
11443 50.3499507904
11443 51.2309074402
11423 50.4791736603
11423 51.3570308685
11423 52.4308681488
11423 51.6490936279
11415 52.3359775543
11415 51.2149333954
11415 51.3470172882
11412 51.1729717255
11412 51.1419773102
11412 51.3088703156
11406 51.2549877167
11376 52.6149272919
11376 53.8840293884
11376 50.4240989685
11376 50.9271621704
11376 51.2127876282
11376 50.3330230713
11376 51.0659217834
11376 50.313949585
11362 51.032781601
11362 50.4951477051
11362 51.3200759888
11345 51.1920452118
11338 52.7131557465
11338 51.5360832214
11325 51.3560771942
11325 51.2599945068
11319 51.4841079712
11319 50.6138801575
11319 50.7209300995
11298 50.7369041443
11298 50.8880615234
11298 52.4880886078
11285 52.1340370178
11285 51.8658161163
11285 54.2829036713
11285 58.8920116425
11285 51.5139102936
11283 52.1430969238
11281 51.8388748169
11273 52.3698329926
11239 51.7320632935
11239 52.9198646545
11239 52.787065506
11229 51.8689155579
11229 51.0261058807
11229 51.8970489502
11229 51.8870353699
11229 51.9089698792
11229 51.6929626465
11154 52.2398948669
11103 55.8779239655
11103 57.0380687714
11085 51.7950057983
11082 51.5539646149
11082 51.4280796051
11082 56.1530590057
11082 51.0261058807
11072 60.6989860535
11064 52.2861480713
11047 52.8080463409
11047 55.6468963623
11047 55.3019046783
11046 53.4179210663
11045 56.608915329
11004 53.0338287354
11004 58.6562156677
11004 60.0109100342
10990 61.4969730377
10990 57.1658611298
10990 53.2948970795
10990 52.2270202637
10990 51.9440174103
10981 57.3811531067
10957 53.7979602814
10955 56.6141605377
10951 52.5510311127
10951 56.9429397583
10951 52.0989894867
10934 53.2429218292
10934 52.2809028625
10934 52.9551506042
10934 53.2460212708
10924 51.9490242004
10924 52.1440505981
10924 56.3478469849
10924 52.2968769073
10922 58.9339733124
10897 53.3361434937
10877 54.9991130829
10868 56.4398765564
10854 52.2768497467
10827 51.2721538544
10827 52.3099899292
10803 53.2660484314
10782 53.1048774719
10782 56.1761856079
10782 52.3028373718
10782 54.633140564
10782 52.3719787598
10782 52.1340370178
10782 52.2758960724
10782 52.3211956024
10782 57.1630001068
10782 55.7119846344
10764 52.9589653015
10753 56.391954422
10753 58.5091114044
10753 52.1950721741
