1044 1.73497200012
1044 1.6918182373
1019 1.70683860779
959 1.70588493347
959 1.70397758484
946 1.71709060669
937 1.72805786133
931 1.87397003174
931 1.76787376404
929 1.80602073669
929 1.77884101868
899 1.84106826782
899 2.06804275513
890 1.81794166565
890 1.79386138916
863 1.83010101318
863 1.82390213013
863 1.8618106842
863 1.83892250061
843 1.88803672791
843 1.86491012573
843 1.87802314758
843 1.90091133118
843 1.95598602295
843 1.92713737488
824 1.96599960327
824 1.94001197815
813 1.99604034424
751 1.96599960327
745 1.97196006775
745 2.01988220215
745 1.99794769287
745 2.04992294312
743 2.04110145569
743 2.08401679993
743 2.06708908081
743 2.11310386658
733 2.09712982178
733 2.13479995728
733 2.11191177368
700 2.13694572449
673 2.1231174469
673 2.16889381409
673 2.14886665344
664 2.15315818787
664 2.20680236816
664 2.17890739441
664 2.17795372009
664 2.1870136261
660 2.21586227417
660 2.2439956665
660 2.25400924683
660 2.25496292114
654 2.33101844788
634 2.31313705444
634 2.31719017029
617 2.34818458557
592 2.35795974731
581 2.34484672546
578 2.37011909485
578 2.37894058228
578 2.39396095276
566 2.40302085876
548 2.42900848389
548 2.43806838989
548 2.4790763855
548 2.45022773743
548 2.52509117126
548 2.48694419861
548 2.48789787292
548 2.50601768494
548 2.51603126526
548 2.53009796143
548 2.5417804718
541 2.57301330566
533 2.61211395264
533 2.59113311768
527 2.64596939087
514 2.62784957886
514 2.58898735046
512 2.62689590454
512 2.63810157776
512 2.72488594055
512 2.66909599304
512 2.73609161377
512 2.8018951416
512 2.78306007385
512 2.68077850342
511 2.76398658752
510 2.71105766296
507 2.97594070435
506 2.74300575256
506 2.76708602905
506 2.75588035583
506 2.8190612793
506 2.769947052
506 2.82692909241
506 3.10087203979
506 2.81500816345
497 2.79593467712
497 2.81000137329
497 2.81095504761
497 2.83098220825
497 2.83408164978
497 2.85291671753
497 2.84004211426
497 2.87485122681
497 2.86602973938
486 2.87914276123
486 5.07092475891
486 4.27794456482
486 3.70097160339
486 3.15499305725
486 2.91585922241
486 2.9821395874
486 2.98690795898
486 2.95615196228
486 2.99382209778
486 2.98619270325
486 3.0038356781
486 3.04508209229
486 3.05390357971
486 3.005027771
486 3.07011604309
486 3.03196907043
482 3.1361579895
482 3.07583808899
482 3.08299064636
482 3.09014320374
477 3.11207771301
452 3.19981575012
452 3.14998626709
451 3.24583053589
451 3.16905975342
451 3.23295593262
451 3.18312644958
451 3.24392318726
451 3.21102142334
441 3.28993797302
436 3.28207015991
436 3.34882736206
430 3.31711769104
430 3.31401824951
430 3.32903862
430 3.338098526
430 3.35192680359
428 3.34095954895
428 3.36885452271
424 3.35907936096
423 3.40890884399
403 3.43298912048
403 3.48019599915
403 3.50785255432
403 3.50117683411
403 3.47280502319
390 3.55505943298
390 3.57007980347
389 3.53121757507
389 3.53479385376
388 3.68404388428
388 4.07719612122
388 3.90696525574
388 3.59797477722
388 3.90315055847
388 4.27985191345
388 4.0910243988
386 4.00996208191
386 3.70693206787
386 3.75294685364
386 3.71098518372
385 3.68094444275
384 3.58819961548
384 3.60608100891
384 3.62205505371
384 3.61394882202
384 3.64208221436
384 3.65686416626
384 3.66401672363
384 3.66997718811
384 3.67188453674
384 3.66616249084
382 3.67093086243
382 3.67903709412
382 3.69906425476
379 3.7100315094
379 3.72004508972
379 3.77202033997
379 3.80206108093
379 3.74102592468
373 3.66902351379
373 3.66592407227
370 3.68189811707
370 3.67498397827
370 3.70597839355
370 3.73101234436
368 3.69191169739
368 3.68785858154
368 3.71193885803
368 3.7100315094
368 3.79109382629
362 3.6609172821
362 3.68499755859
357 3.76796722412
357 3.73816490173
357 3.75604629517
357 3.751039505
357 3.80110740662
357 3.80706787109
357 3.79085540771
357 3.82113456726
357 3.84998321533
357 3.82804870605
357 3.86500358582
357 3.85594367981
357 3.87406349182
357 3.88097763062
357 3.9279460907
357 3.87787818909
357 3.88193130493
354 3.92913818359
354 3.91888618469
354 3.92699241638
354 3.94487380981
354 3.95607948303
354 3.94606590271
354 3.97300720215
354 4.06098365784
351 3.94415855408
351 4.02784347534
351 3.96203994751
351 4.04191017151
351 3.97515296936
349 3.93390655518
349 3.81803512573
349 3.79800796509
349 3.84306907654
349 3.80802154541
349 3.83591651917
349 3.84902954102
349 3.8480758667
349 3.87597084045
349 3.91793251038
349 3.90696525574
349 3.97801399231
341 4.02903556824
341 4.07791137695
341 4.01902198792
329 3.98111343384
317 4.01902198792
317 4.01186943054
317 4.0111541748
317 4.05311584473
317 4.05192375183
317 4.00900840759
317 4.03499603271
317 4.04500961304
304 3.99494171143
304 4.00996208191
304 4.01401519775
304 4.03213500977
304 4.02998924255
304 4.03213500977
304 4.03904914856
304 4.02092933655
302 4.01210784912
302 4.02998924255
302 4.01091575623
294 4.05502319336
294 4.09603118896
294 4.0922164917
294 4.09483909607
294 4.07290458679
292 4.12011146545
292 4.13799285889
292 4.15086746216
292 4.13298606873
289 4.17685508728
289 4.2359828949
289 4.21786308289
289 4.19783592224
289 4.29606437683
289 4.25100326538
289 4.26197052002
289 4.27198410034
289 4.27603721619
283 4.31394577026
277 4.35495376587
277 4.44984436035
277 4.3671131134
277 4.39500808716
275 4.42099571228
275 4.43696975708
275 4.43696975708
275 4.49800491333
275 4.56213951111
275 4.47487831116
275 4.51183319092
272 4.51683998108
272 4.55212593079
272 4.52589988708
272 4.57501411438
272 4.56500053406
265 4.60600852966
265 4.59504127502
265 4.6169757843
265 4.65798377991
263 4.61602210999
263 4.57501411438
263 4.56094741821
263 6.49094581604
263 6.34288787842
263 4.98414039612
262 4.58383560181
253 4.60696220398
253 4.61888313293
247 4.66704368591
247 4.65703010559
242 4.68897819519
242 4.71210479736
242 4.72187995911
242 4.73093986511
241 4.71115112305
241 4.6820640564
241 4.73523139954
241 4.76813316345
241 4.88805770874
241 4.81796264648
241 4.86016273499
241 4.82892990112
241 4.83107566833
241 4.87685203552
241 4.85491752625
241 4.86302375793
241 4.85110282898
241 4.87494468689
241 4.8840045929
241 4.88996505737
241 4.89187240601
241 4.91213798523
241 4.93288040161
241 4.92310523987
241 4.95100021362
241 4.96315956116
241 4.95600700378
241 4.97508049011
241 5.12719154358
241 5.33699989319
241 5.33509254456
241 5.00202178955
241 4.98700141907
241 5.03396987915
241 5.05089759827
241 5.06091117859
241 5.05399703979
240 5.0950050354
240 5.10597229004
240 6.56580924988
240 5.13195991516
240 5.11980056763
240 5.12003898621
240 5.26404380798
240 5.14078140259
240 5.15699386597
236 5.31506538391
236 5.37300109863
236 5.2969455719
236 5.30195236206
236 5.39708137512
236 5.41090965271
236 5.44881820679
236 5.56898117065
235 5.4829120636
235 5.47909736633
235 5.60808181763
235 5.60116767883
235 5.5239200592
235 5.49912452698
235 5.5148601532
235 5.57780265808
235 5.55992126465
233 5.5410861969
233 5.53607940674
233 5.58400154114
233 5.67317008972
233 5.56898117065
233 5.59401512146
233 5.59902191162
233 5.73110580444
233 5.63621520996
233 5.6209564209
233 6.0031414032
233 5.97310066223
233 5.79190254211
233 5.70893287659
233 5.79190254211
233 5.67507743835
233 5.83004951477
233 5.82599639893
233 5.69486618042
233 5.67293167114
233 5.66601753235
227 5.704164505
227 5.61308860779
222 5.60998916626
222 5.7578086853
222 5.74016571045
222 6.06894493103
218 5.72204589844
218 5.70297241211
218 5.70201873779
216 5.83791732788
216 5.72800636292
213 5.87797164917
213 5.80215454102
213 5.82098960876
213 5.82218170166
213 5.80787658691
213 5.92994689941
213 5.86199760437
213 5.83910942078
213 5.84506988525
213 5.82408905029
213 5.85412979126
213 5.85603713989
213 5.91421127319
213 5.90586662292
213 5.8901309967
213 5.87391853333
213 5.92398643494
206 5.94186782837
206 5.93781471252
199 5.99908828735
199 6.00790977478
199 6.0601234436
199 6.06894493103
199 6.05797767639
199 6.12998008728
199 6.10995292664
199 6.15501403809
197 6.2792301178
196 6.04200363159
196 6.05487823486
196 6.09612464905
196 6.05416297913
196 6.05797767639
196 6.07109069824
196 6.13379478455
196 6.07204437256
196 6.08611106873
196 6.12616539001
196 6.09421730042
196 6.08491897583
196 6.10995292664
194 6.28900527954
194 6.31594657898
194 6.31785392761
194 6.31403923035
194 6.32500648499
194 6.32905960083
194 6.32691383362
194 6.3738822937
194 6.44612312317
194 6.41703605652
194 6.55388832092
194 6.4160823822
194 6.45303726196
194 6.45589828491
194 6.43992424011
194 6.46805763245
194 6.47401809692
194 6.4799785614
194 6.59084320068
194 6.48498535156
194 6.46305084229
194 6.58202171326
194 6.53791427612
194 6.46305084229
194 6.50691986084
194 6.6249370575
194 6.49404525757
194 6.54006004333
194 6.57892227173
194 6.58392906189
194 6.52694702148
194 6.53409957886
194 10.066986084
194 7.71808624268
194 6.62708282471
194 6.52313232422
192 6.56485557556
192 6.69598579407
192 6.58798217773
192 6.62112236023
192 6.60800933838
192 6.65616989136
192 6.64114952087
192 6.64091110229
192 6.63685798645
192 6.71195983887
192 6.6659450531
192 6.67190551758
192 6.69717788696
192 6.71815872192
192 6.70099258423
192 6.65593147278
192 6.67905807495
192 6.68287277222
192 6.67810440063
192 6.70313835144
192 6.73985481262
192 6.73294067383
191 6.69717788696
191 6.69193267822
191 6.71911239624
191 6.75320625305
191 6.74510002136
191 6.73484802246
191 6.75201416016
191 6.73794746399
191 7.13610649109
191 7.1280002594
191 7.00497627258
191 7.54404067993
191 6.86001777649
191 6.87003135681
191 9.42015647888
191 8.33606719971
191 7.69305229187
191 8.61811637878
182 7.44414329529
182 8.60691070557
182 9.99188423157
182 7.86709785461
182 9.44900512695
182 7.41291046143
182 7.72500038147
182 9.11712646484
182 11.0509395599
182 10.0109577179
182 9.70888137817
181 7.37190246582
181 7.69686698914
181 9.6960067749
181 7.64298439026
181 7.51280784607
181 10.6570720673
181 10.1068019867
181 10.9629631042
181 9.08493995667
181 7.73906707764
181 10.2849006653
181 8.12911987305
181 7.68804550171
173 7.648229599
173 7.3070526123
173 7.61008262634
173 11.6558074951
173 8.07905197144
173 7.78579711914
173 7.62104988098
173 9.74202156067
173 7.87401199341
173 7.70711898804
173 9.87386703491
173 8.51988792419
173 9.1700553894
173 7.66921043396
173 9.36102867126
173 11.4729404449
173 10.7650756836
173 9.21607017517
173 10.3778839111
173 8.62288475037
173 8.73303413391
173 7.89499282837
173 9.3879699707
173 8.73708724976
173 9.72294807434
172 8.5232257843
171 9.58204269409
171 8.14414024353
171 9.23585891724
171 10.3349685669
171 9.24110412598
171 9.8180770874
171 8.85486602783
171 9.19198989868
171 10.6251239777
171 11.3480091095
171 9.07897949219
171 8.06093215942
171 9.72986221313
171 10.5881690979
171 9.49811935425
171 11.8589401245
171 7.86685943604
171 7.68303871155
171 10.675907135
171 9.30619239807
170 7.59410858154
170 7.68899917603
170 7.61103630066
170 7.69305229187
170 7.61413574219
170 7.61699676514
170 7.6470375061
170 9.05108451843
170 10.9047889709
170 7.97986984253
167 11.5249156952
165 10.7328891754
165 10.6370449066
165 7.89308547974
165 11.7568969727
165 10.8959674835
165 10.4949474335
165 10.577917099
163 10.0541114807
163 9.98401641846
163 9.50384140015
163 10.0979804993
163 9.16194915771
163 12.687921524
163 8.72588157654
163 8.85915756226
163 8.55898857117
161 8.71086120605
161 8.60285758972
161 8.54802131653
161 8.63099098206
161 8.58497619629
161 8.65697860718
161 8.49103927612
161 8.69011878967
161 8.63313674927
161 8.7308883667
161 8.77499580383
143 8.66484642029
143 9.41586494446
143 10.2450847626
143 9.1028213501
143 8.84079933167
143 9.0548992157
143 8.86297225952
143 8.78500938416
143 8.82792472839
142 8.67795944214
142 8.30912590027
141 8.42809677124
141 8.29887390137
141 8.63003730774
141 9.26995277405
141 8.56804847717
141 8.39614868164
141 8.38303565979
141 8.44812393188
141 8.38613510132
141 8.70609283447
141 8.39304924011
141 8.3339214325
141 8.32295417786
141 8.31294059753
141 8.37802886963
141 8.44693183899
141 8.37707519531
141 8.29911231995
141 8.30507278442
141 8.47291946411
141 8.30888748169
141 8.34584236145
141 8.3601474762
141 12.601852417
139 8.93497467041
139 8.40616226196
139 8.59093666077
139 8.45813751221
139 8.42905044556
139 8.43691825867
139 12.6171112061
136 9.48882102966
136 8.41403007507
136 8.47792625427
136 8.61501693726
136 8.58402252197
130 8.61120223999
130 8.6088180542
130 8.92901420593
130 8.64291191101
130 8.50987434387
130 8.5289478302
130 8.52680206299
130 8.5289478302
130 9.11688804626
130 8.70704650879
130 8.56709480286
130 8.75902175903
130 8.74900817871
130 8.60095024109
130 8.71109962463
130 8.66103172302
130 8.72611999512
130 8.7149143219
130 8.67915153503
130 8.68201255798
130 8.67486000061
130 8.71205329895
130 8.92400741577
130 8.75496864319
130 8.73184204102
130 9.23895835876
130 8.82792472839
130 8.89801979065
130 8.74090194702
130 8.77404212952
130 8.8529586792
130 8.79383087158
130 8.94117355347
130 9.04297828674
130 8.79502296448
130 8.85319709778
130 8.80193710327
128 8.07189941406
128 7.98606872559
128 8.02803039551
128 8.00204277039
128 8.01706314087
128 9.70411300659
128 9.31096076965
128 8.70609283447
128 11.5928649902
128 8.48007202148
128 8.18800926208
128 8.17108154297
128 8.73613357544
128 8.23616981506
128 11.9171142578
128 8.38589668274
128 8.23402404785
128 8.32295417786
128 8.41903686523
128 9.31906700134
128 8.55422019958
128 9.83190536499
128 10.51902771
128 9.73510742188
128 8.45503807068
128 8.40711593628
128 8.36300849915
128 8.49103927612
128 8.36491584778
128 8.69703292847
128 8.3920955658
128 8.38708877563
128 8.38398933411
127 8.49390029907
127 8.49080085754
127 8.51488113403
127 8.65912437439
127 8.88705253601
127 9.60421562195
127 11.6159915924
127 8.59689712524
127 8.7308883667
127 9.32812690735
127 10.8110904694
127 11.5549564362
127 8.7149143219
127 8.81314277649
127 8.5461139679
127 8.73899459839
127 8.74996185303
127 9.43303108215
127 8.59594345093
127 8.96286964417
127 8.78310203552
127 12.983083725
127 9.11092758179
127 8.57901573181
127 8.6030960083
127 8.80694389343
127 8.65411758423
127 8.86988639832
127 8.73112678528
127 8.85105133057
127 8.76903533936
127 9.66906547546
127 8.92686843872
127 9.01389122009
127 8.86201858521
127 8.71706008911
127 8.75806808472
127 8.78596305847
127 8.76903533936
127 8.76879692078
127 8.78310203552
127 8.83102416992
127 8.75806808472
127 8.84890556335
127 9.56296920776
127 9.03487205505
127 9.78398323059
127 11.7239952087
127 8.98408889771
127 9.14621353149
127 8.97908210754
127 9.25087928772
127 9.07778739929
127 10.3209018707
126 9.06705856323
126 9.28711891174
126 9.10592079163
126 9.2191696167
126 9.09209251404
126 9.07492637634
126 9.29307937622
126 13.6630535126
126 9.25898551941
126 9.17100906372
126 9.13310050964
126 9.24587249756
126 9.28807258606
126 9.15503501892
126 12.9289627075
126 10.0619792938
126 9.26899909973
126 9.29307937622
126 9.36508178711
126 9.26303863525
126 9.67597961426
126 9.24897193909
126 9.22799110413
126 10.3671550751
126 11.2450122833
126 9.31096076965
126 9.37700271606
126 9.43803787231
126 9.29284095764
126 9.35006141663
126 9.35697555542
126 9.25397872925
126 12.7780437469
125 10.4899406433
125 9.29999351501
123 9.46187973022
123 9.46307182312
123 9.50694084167
123 9.54389572144
123 9.3560218811
123 9.47690010071
123 9.65309143066
123 9.74488258362
123 9.83810424805
123 10.0071430206
121 9.51886177063
121 9.32598114014
121 9.51504707336
121 11.785030365
121 11.7688179016
121 9.44709777832
121 9.34290885925
121 9.5272064209
121 9.4530582428
121 12.9418373108
121 10.6251239777
121 9.87887382507
121 9.65189933777
121 9.61303710938
121 9.48905944824
121 9.65595245361
121 10.2291107178
121 9.6070766449
121 9.62400436401
121 9.47093963623
121 9.50908660889
121 9.51385498047
119 9.64498519897
119 10.0500583649
119 9.62400436401
119 13.9729976654
118 9.93990898132
118 9.80401039124
117 9.66310501099
117 9.69886779785
117 9.62996482849
117 9.86289978027
117 9.68718528748
117 9.85407829285
117 9.66787338257
117 9.70005989075
117 9.67121124268
117 9.67407226562
117 9.84907150269
117 9.7029209137
117 9.68098640442
117 10.3631019592
117 9.9470615387
117 9.74798202515
117 9.770154953
117 9.8090171814
117 9.78493690491
117 9.82809066772
117 9.89317893982
117 9.84716415405
117 9.80806350708
117 9.87005233765
117 9.88388061523
117 9.95898246765
117 9.97495651245
117 9.95397567749
117 9.95683670044
117 10.0681781769
117 10.0240707397
117 10.055065155
117 10.1051330566
117 10.0018978119
116 10.3302001953
116 10.1251602173
116 10.3669166565
116 13.3049488068
116 12.0761394501
116 14.6379470825
116 11.1269950867
116 10.3580951691
116 10.2281570435
116 10.4079246521
116 10.4398727417
116 12.7258300781
116 11.164188385
116 10.2639198303
116 10.3120803833
116 13.2877826691
116 10.5481147766
116 10.3449821472
116 10.5550289154
116 10.5941295624
116 11.3000869751
116 14.014005661
116 10.5910301208
116 11.7568969727
116 12.1419429779
116 10.4711055756
116 10.4670524597
116 10.4792118073
116 10.7710361481
116 10.4279518127
116 10.4329586029
116 10.4639530182
116 10.763168335
116 10.5719566345
116 10.5488300323
114 10.6401443481
114 10.8230113983
114 10.6198787689
114 11.4600658417
114 11.0218524933
114 10.6339454651
114 10.7381343842
114 10.8690261841
113 10.0958347321
113 10.0560188293
113 10.2570056915
113 11.8350982666
113 10.421037674
113 10.1890563965
113 11.8229389191
113 12.0809078217
113 10.1749897003
113 10.2849006653
113 10.1668834686
113 10.2372169495
113 10.1661682129
113 10.1928710938
113 10.2310180664
113 11.1639499664
113 10.293006897
113 10.4019641876
113 10.3390216827
113 10.2889537811
113 10.293006897
113 10.2920532227
113 10.2450847626
113 10.2531909943
113 10.2500915527
113 10.3049278259
113 10.2980136871
113 11.0709667206
113 10.5409622192
113 10.3449821472
113 10.596036911
113 10.6720924377
113 10.3540420532
113 10.3449821472
113 12.4130249023
113 12.9160881042
113 10.617017746
113 13.514995575
113 11.2841129303
113 10.5969905853
113 10.5998516083
113 10.7109546661
113 10.5919837952
