37004 99.7111797333
37000 94.1300392151
36988 90.7559394836
36988 94.8450565338
36981 103.864192963
36957 104.676008224
36925 98.2000827789
36852 93.5411453247
36852 90.4440879822
36852 93.3699607849
36823 91.5520191193
36789 90.8410549164
36789 89.8101329803
36766 90.1441574097
36762 90.4760360718
36753 90.6097888947
36737 91.3898944855
36704 94.7620868683
36657 95.5049991608
36655 90.2562141418
36655 93.602180481
36655 91.598033905
36655 93.1861400604
36629 89.6120071411
36595 89.1439914703
36565 94.7790145874
36559 96.3380336761
36558 90.8060073853
36554 91.236114502
36554 89.635848999
36554 91.402053833
36527 92.5180912018
36470 91.8910503387
36456 90.8498764038
36438 91.3162231445
36432 91.6538238525
36432 91.4747714996
36390 94.0651893616
36383 90.2919769287
36365 89.5009040833
36316 90.7220840454
36283 90.4850959778
36267 94.1579341888
36241 92.169046402
36241 91.4378166199
36241 91.5381908417
36241 89.5819664001
36186 91.7458534241
36185 95.2508449554
36185 91.824054718
36185 91.509103775
36183 91.6948318481
36183 93.2679176331
36145 93.6958789825
36088 91.0530090332
36088 91.9861793518
36088 91.2089347839
36069 91.4840698242
36069 91.362953186
36069 92.4980640411
36069 97.7051258087
36069 90.3198719025
36069 91.8698310852
36069 92.9291248322
36069 96.3909626007
36051 91.5930271149
36051 90.399980545
36051 91.9919013977
36040 89.9910926819
36040 97.5739955902
36016 94.7329998016
36016 91.9740200043
36002 94.0899848938
35997 91.4750099182
35970 92.6549434662
35970 91.5160179138
35948 90.8479690552
35948 91.1490917206
35948 90.3618335724
35948 91.7179584503
35861 98.8659858704
35861 99.2019176483
35844 105.020999908
35842 95.9708690643
35842 91.9530391693
35800 97.1899032593
35780 93.0819511414
35780 92.0581817627
35780 92.3080444336
35752 92.0341014862
35731 91.4130210876
35731 93.5771465302
35731 91.8021202087
35721 94.0082073212
35721 96.8639850616
35721 93.4360027313
35721 93.5521125793
35717 91.057062149
35717 99.5001792908
35648 93.0829048157
35614 92.0732021332
35597 92.6399230957
35594 93.2769775391
35594 93.8370227814
35594 91.4509296417
35526 103.621006012
35522 97.3551273346
35468 93.001127243
35468 95.575094223
35468 92.362165451
35433 94.3989753723
35427 91.7451381683
35358 104.899168015
35327 94.9218273163
35315 92.2889709473
35310 91.4080142975
35308 93.535900116
35280 105.662822723
35273 93.1930541992
35273 102.803945541
35273 98.5851287842
35273 103.101968765
35273 102.400064468
35268 93.6889648438
35268 98.6039638519
35268 92.6918983459
35268 99.8299121857
35254 107.423067093
35239 110.743045807
35181 105.124950409
35154 100.674152374
35149 97.9559421539
35149 102.802991867
35136 96.9579219818
35136 93.3001041412
35129 93.4150218964
35129 93.34897995
35126 95.9630012512
35126 92.0600891113
35118 91.1240577698
35118 92.7729606628
35118 92.483997345
35118 92.8859710693
35118 93.9300060272
35118 92.9088592529
35118 92.5600528717
35118 92.3399925232
35118 94.4900512695
35108 100.447893143
35108 93.9741134644
35103 93.4028625488
35093 91.8760299683
35093 92.9369926453
35092 106.598854065
35092 99.6301174164
35092 94.6359634399
35086 92.561006546
35074 95.3209400177
35034 99.6160507202
35031 93.719959259
35005 91.1660194397
34987 92.6668643951
34986 92.8928852081
34982 92.4060344696
34951 92.1981334686
34908 92.257976532
34888 91.639995575
34847 93.5189723969
34809 94.9029922485
34787 98.8581180573
34782 93.5530662537
34779 93.0120944977
34779 92.5550460815
34779 93.9321517944
34779 92.1249389648
34779 97.5170135498
34779 94.5439338684
34771 91.8710231781
34771 97.5580215454
34733 98.4919071198
34698 93.719959259
34698 93.2309627533
34690 93.0659770966
34690 93.7561988831
34673 96.9059467316
34668 95.6320762634
34668 92.9820537567
34668 93.3659076691
34655 94.6431159973
34641 93.5699939728
34641 97.48005867
34641 93.701839447
34640 94.0639972687
34638 97.2049236298
34638 92.4248695374
34638 92.6580429077
34628 94.9468612671
34628 94.3350791931
34608 93.770980835
34604 93.8160419464
34604 95.1249599457
34588 93.169927597
34559 93.8708782196
34543 93.3549404144
34543 92.474937439
34506 93.2590961456
34506 94.654083252
34469 95.566034317
34469 92.9539203644
34453 94.2440032959
34453 94.703912735
34453 95.6840515137
34453 94.9649810791
34453 95.0388908386
34448 96.8849658966
34426 92.7410125732
34414 92.4229621887
34387 93.9199924469
34350 92.8149223328
34335 94.1669940948
34328 94.2118167877
34328 94.3670272827
34328 97.3489284515
34328 93.5699939728
34323 93.3940410614
34303 94.0589904785
34303 93.8990116119
34303 94.2430496216
34269 94.8197841644
34269 93.6770439148
34269 92.8909778595
34269 94.6450233459
34253 96.086025238
34227 95.155954361
34227 94.6960449219
34197 102.705955505
34197 93.6639308929
34115 94.0508842468
34115 93.5351848602
34115 94.1379070282
34115 93.5080051422
34064 93.9979553223
34058 94.0070152283
34050 96.8451499939
34010 98.8309383392
33983 103.518009186
33983 104.140996933
33950 93.4929847717
33914 93.6009883881
33884 95.6721305847
33884 94.2170619965
33884 94.4349765778
33878 94.3009853363
33878 109.496116638
33878 95.5021381378
33861 93.3539867401
33852 95.4658985138
33829 92.8280353546
33818 94.5310592651
33810 95.4010486603
33786 94.1789150238
33726 93.4648513794
33726 93.5909748077
33726 99.6010303497
33714 101.053953171
33701 94.9981212616
33701 94.2080020905
33685 93.9168930054
33679 98.4399318695
33679 94.8700904846
33679 93.8131809235
33679 97.0041751862
33679 98.0920791626
33670 94.3529605865
33670 96.8170166016
33670 94.2749977112
33617 94.8112010956
33588 94.1128730774
33588 92.4549102783
33585 96.3759422302
33585 94.3779945374
33578 95.2410697937
33578 93.1367874146
33568 94.5780277252
33568 96.3089466095
33568 95.2820777893
33552 94.9640274048
33545 94.7740077972
33545 94.7351455688
33545 98.8991260529
33539 111.093044281
33510 97.3570346832
33508 94.6328639984
33508 98.5808372498
33486 96.3468551636
33486 95.5488681793
33479 93.5649871826
33479 96.2359905243
33444 93.5728549957
33444 93.9381122589
33444 94.1758155823
33444 99.3120670319
33444 95.8688259125
33425 94.297170639
33425 95.899105072
33425 97.2888469696
33420 96.2209701538
33410 97.5201129913
33410 94.8128700256
33410 95.0930118561
33390 100.328922272
33390 97.2020626068
33344 96.8039035797
33344 96.086025238
33324 95.9088802338
33324 98.8359451294
33283 97.3670482635
33273 95.2670574188
33207 106.068134308
33207 97.4509716034
33207 95.7989692688
33207 97.1848964691
33202 98.3588695526
33202 97.0299243927
33147 96.3850021362
33147 97.244977951
33093 97.6998806
33083 96.5781211853
33083 116.889953613
33057 97.5818634033
33050 97.1250534058
33026 97.1629619598
33010 96.4679718018
33010 97.2399711609
33010 96.8120098114
33010 96.6639518738
33010 99.6890068054
33010 96.4422225952
32938 96.3749885559
32938 97.7790355682
32928 95.3159332275
32887 100.54397583
32887 100.469112396
32887 97.3501205444
32868 95.5669879913
32808 97.1250534058
32796 109.979867935
32791 96.440076828
32791 94.8729515076
32791 101.318836212
32791 96.0359573364
32791 95.2320098877
32740 97.4190235138
32732 96.2738990784
32727 97.2580909729
32705 95.0229167938
32705 97.9690551758
32705 99.4839668274
32705 108.337879181
32666 116.268873215
32666 107.899904251
32666 112.189054489
32643 110.995054245
32637 105.6599617
32619 108.937978745
32579 115.852117538
32579 105.19695282
32579 107.483148575
32554 107.620954514
32535 106.920003891
32532 106.890201569
32522 107.316017151
32487 107.398033142
32487 106.606960297
32487 111.616849899
32487 106.379985809
32487 105.176925659
32487 98.3598232269
32487 99.1809368134
32463 95.6239700317
32463 97.1739292145
32447 97.3501205444
32429 101.74703598
32429 97.1691608429
32429 96.9560146332
32426 97.6550579071
32412 94.936132431
32399 95.850944519
32363 96.6689586639
32360 96.0869789124
32357 96.2560176849
32357 96.4820384979
32330 96.6200828552
32319 96.7011451721
32319 96.5549945831
32319 98.4129905701
32319 98.1550216675
32308 96.9531536102
32308 97.6870059967
32308 95.4110622406
32308 97.3038673401
32308 96.1351394653
32308 95.5851078033
32308 96.5440273285
32308 97.3539352417
32308 97.1450805664
32308 99.760055542
32250 101.828098297
32239 100.195884705
32220 96.5740680695
32220 95.4618453979
32200 96.4660644531
32188 101.460933685
32188 98.1810092926
32179 97.6350307465
32129 96.3609218597
32129 99.1659164429
32116 97.1050262451
32099 96.5478420258
32099 97.5511074066
32099 96.5769290924
32099 97.0239639282
32081 99.4169712067
32068 98.8149642944
32058 96.2519645691
32058 97.1419811249
32058 104.430198669
32058 98.3510017395
32058 96.5151786804
32011 95.7381725311
32011 98.0689525604
32011 98.119020462
32011 96.4729785919
31929 99.3850231171
31929 99.5810031891
31929 98.1910228729
31929 107.671022415
31921 98.7708568573
31905 97.9759693146
31905 96.8379974365
31905 96.2300300598
31899 97.1660614014
31870 97.7160930634
31870 97.7559089661
31831 97.7728366852
31784 97.8779792786
31784 100.443124771
31738 98.4630584717
31690 97.6700782776
31671 98.7920761108
31614 98.6561775208
31614 97.3079204559
31614 98.2389450073
31614 97.3711013794
31596 97.2130298615
31595 97.6519584656
31595 99.6930599213
31595 97.962141037
31579 97.3219871521
31564 96.5309143066
31563 96.8120098114
31490 97.5959300995
31490 97.1789360046
31490 97.0709323883
31473 96.0810184479
31473 97.8620052338
31473 97.1910953522
31461 101.427078247
31430 103.567838669
31411 97.9208946228
31411 97.3770618439
31411 96.4109897614
31409 98.690032959
31395 98.0761051178
31385 97.4230766296
31385 96.6799259186
31385 98.0191230774
31385 99.9238491058
31378 97.4791049957
31378 98.6828804016
31378 104.030132294
31372 96.7118740082
31372 96.4798927307
31372 97.8109836578
31372 97.4249839783
31343 97.2108840942
31343 97.2120761871
31343 103.322029114
31343 97.3110198975
31331 96.5378284454
31323 97.589969635
31323 97.0830917358
31323 97.9552268982
31314 98.2639789581
31314 97.8560447693
31275 97.5439548492
31275 96.9631671906
31238 101.770877838
31238 98.9470481873
31238 97.4848270416
31238 97.8758335114
31236 98.0069637299
31236 97.4299907684
31236 98.1810092926
31183 96.9479084015
31183 97.9220867157
31183 96.8708992004
31178 100.955963135
31178 98.4621047974
31147 97.7039337158
31147 96.6608524323
31147 98.1760025024
31142 97.9371070862
31121 97.7048873901
31121 97.6278781891
31121 97.8221893311
31088 96.883058548
31087 99.6351242065
31087 99.9689102173
31081 97.944021225
31080 108.465909958
31071 99.1430282593
31029 99.0540981293
30982 98.6969470978
30982 98.0799198151
30982 97.7568626404
30978 98.6220836639
30978 100.283145905
30971 99.9500751495
30971 98.4799861908
30971 97.1789360046
30971 98.0639457703
30971 97.4578857422
30971 103.569984436
30971 97.3870754242
30937 98.0279445648
30932 96.4210033417
30922 97.7330207825
30922 101.306915283
30915 98.128080368
30908 97.179889679
30877 98.6380577087
30877 99.1358757019
30877 101.979970932
30877 98.6070632935
30877 97.6719856262
30877 97.8078842163
30863 98.0739593506
30855 101.08423233
30844 97.0959663391
30841 106.018066406
30841 105.050086975
30841 97.4471569061
30833 97.4628925323
30816 97.424030304
30815 98.5381603241
30773 98.3757972717
30773 100.513935089
30773 103.114843369
30773 99.9150276184
30773 99.5450019836
30747 98.5989570618
30732 97.1360206604
30732 99.277973175
30729 99.0490913391
30725 98.0830192566
30722 99.9958515167
30680 98.0260372162
30680 100.800037384
30662 99.1868972778
30652 98.4230041504
30652 97.9549884796
30645 100.445985794
30603 100.450992584
30593 103.85799408
30593 97.2011089325
30593 97.1291065216
30577 98.1869697571
30577 101.306915283
30577 99.1649627686
30577 99.1179943085
30577 98.6669063568
30577 97.0227718353
30577 97.617149353
30577 97.6340770721
30577 96.971988678
30577 98.6149311066
30577 98.4978675842
30577 102.834939957
30577 99.8389720917
30573 97.5029468536
30558 101.289987564
30558 103.672027588
30540 100.719928741
30532 97.5229740143
30529 98.6938476562
30522 98.6499786377
30510 98.7629890442
30510 102.745056152
30510 99.3521213531
30510 98.9818572998
30510 96.7049598694
30510 96.7650413513
30497 98.9940166473
30431 98.3068943024
30429 97.1088409424
30429 97.1169471741
30407 98.2677936554
30407 101.29904747
30396 99.8768806458
30396 98.8640785217
30396 98.8149642944
30396 98.9520549774
30396 103.864908218
30396 101.058959961
30396 99.8690128326
30396 98.9320278168
30385 98.680973053
30341 101.800918579
30341 100.104093552
30341 99.8470783234
30341 97.5561141968
30315 97.3989963531
30315 98.5870361328
30315 98.228931427
30293 97.1989631653
30293 102.90813446
30277 99.9138355255
30268 103.050947189
30268 99.5969772339
30268 98.1848239899
30249 99.8291969299
30249 99.1230010986
30249 99.0979671478
30249 98.5779762268
30249 97.5198745728
30249 99.3919372559
30242 99.2691516876
30234 102.805137634
30234 100.84605217
30234 100.021839142
30228 98.0560779572
30224 103.342056274
30224 100.086927414
30213 101.558208466
30208 101.974010468
30199 99.8868942261
30199 97.4237918854
30199 100.242853165
30199 98.7048149109
30133 98.0079174042
30127 97.6209640503
30127 99.5979309082
30127 98.4070301056
30127 106.361865997
30127 100.074052811
30127 100.1060009
30127 97.8019237518
30114 101.358175278
30092 101.031064987
30084 100.214958191
30076 99.524974823
30060 99.3690490723
30060 99.289894104
30044 102.708101273
30044 100.250005722
30044 98.9458560944
30018 99.0240573883
29970 102.099180222
29970 101.02891922
29959 98.7949371338
29942 99.4291305542
29913 98.562002182
29913 100.078105927
29913 101.954936981
29913 99.9538898468
29896 99.5759963989
29870 99.7519493103
29850 104.398012161
29841 101.43995285
29815 101.52220726
29810 99.3540287018
29752 99.9429225922
29734 99.888086319
29709 100.113868713
29709 99.3027687073
29709 99.0800857544
29697 99.6518135071
29697 101.181030273
29666 100.907087326
29666 98.8609790802
29666 99.7140407562
29662 98.4570980072
29662 99.6448993683
29660 100.258111954
29636 98.1419086456
29634 98.3619689941
29620 99.7710227966
29612 100.579977036
29579 101.071119308
29579 100.481033325
29569 99.4329452515
29556 99.3280410767
29530 100.088119507
29523 103.7068367
29473 98.8810062408
29473 99.1539955139
29473 99.2939472198
29473 108.371019363
29473 105.611085892
29464 98.7570285797
29463 100.649118423
29463 100.250005722
29463 99.9350547791
29463 100.414037704
29463 100.404977798
29463 99.8978614807
29448 99.9000072479
29448 105.926990509
29448 102.234840393
29400 100.522994995
29400 100.72016716
29391 100.420951843
29391 99.1110801697
29391 102.551937103
29359 98.7610816956
29359 98.0360507965
29359 99.4138717651
29349 106.220960617
29349 100.069999695
29349 100.192070007
29349 100.052833557
29349 99.7960567474
29345 98.8259315491
29345 102.761030197
29345 100.399971008
29334 98.6530780792
29333 103.46198082
29333 106.908082962
29333 100.219011307
29333 100.14796257
29327 98.89793396
29327 98.4609127045
29306 100.239992142
29306 100.373029709
29306 100.487947464
29281 98.5400676727
29281 99.7800827026
29281 102.922201157
29281 99.7381210327
29281 101.993083954
29281 99.6088981628
29281 98.4370708466
29278 99.4718074799
29278 99.3330478668
29278 100.591182709
29278 98.4041690826
29278 99.7829437256
29276 100.414037704
29276 100.663900375
29276 98.7379550934
29272 98.198890686
29272 99.7338294983
29272 100.392103195
29272 99.2429256439
29272 99.9619960785
29272 103.260040283
29268 100.340843201
29268 105.652093887
29262 101.195812225
29262 99.4801521301
29262 99.9419689178
29262 97.8908538818
29262 100.88300705
29262 100.266218185
29262 99.906206131
29262 100.687980652
29262 99.7350215912
29262 102.966070175
29213 100.139141083
29213 100.208044052
29213 99.7688770294
29212 103.407144547
29212 104.630947113
29204 100.867033005
29204 100.401163101
29204 100.219964981
29183 101.594924927
29176 102.648019791
29176 100.792169571
29176 100.466966629
29170 98.522901535
29170 100.17991066
29170 100.666046143
29144 100.734949112
29144 100.55398941
29144 100.180864334
29144 100.157022476
29115 101.008176804
29115 100.815057755
29115 98.8709926605
29113 98.9420413971
29113 98.5629558563
29100 101.420879364
29100 99.6720790863
29100 112.196207047
29063 116.768121719
29063 116.539955139
29063 115.250825882
29060 107.158899307
28975 107.353925705
28929 101.066112518
28929 107.737064362
28929 103.155136108
28929 101.388931274
28922 103.84106636
28920 119.163990021
28898 101.677894592
28898 100.310087204
28894 103.884935379
28894 101.383924484
28885 101.003170013
28867 106.970071793
28857 101.861000061
28853 102.244138718
28853 111.276865005
28840 110.88180542
28840 107.719182968
28840 108.110189438
28790 107.353210449
28790 111.132144928
28790 108.994960785
28790 101.714134216
28720 110.006093979
28720 115.214824677
28719 119.064092636
28719 107.439994812
28719 112.763881683
28718 111.245155334
28623 116.990089417
28595 104.393005371
28595 102.952003479
28595 101.925134659
28570 102.250099182
28570 103.389978409
28551 104.917049408
28551 101.560115814
28551 108.38508606
28551 105.47709465
28551 108.304023743
28551 111.927986145
28551 110.299825668
28551 114.608049393
28546 107.468128204
28546 113.003015518
28539 102.304935455
28539 107.269048691
28539 105.491161346
28490 109.675884247
28450 111.831188202
28444 103.575944901
28436 110.593080521
28429 107.486009598
28416 103.604078293
28393 104.532003403
28388 107.883930206
28381 104.344844818
28368 116.708040237
28368 109.918832779
28340 104.806900024
28340 101.922035217
28340 103.594064713
28340 103.03902626
28340 101.936101913
28302 102.594137192
28302 102.967023849
28302 102.725028992
28302 101.938009262
28302 113.261938095
28279 104.038000107
28276 103.302001953
28249 101.380109787
28249 108.445167542
28249 105.507850647
28249 101.32598877
28249 102.910995483
28223 103.309869766
28198 105.512857437
28198 103.525876999
28186 101.744890213
28178 107.152938843
28178 113.555908203
28169 103.283166885
28169 102.308988571
28169 101.922035217
28169 102.680206299
28138 101.452112198
28107 101.74703598
28107 106.687068939
28087 110.884904861
28087 101.241111755
28087 104.934930801
28087 101.29404068
28080 112.269878387
28068 106.189012527
28068 105.361938477
28068 113.302946091
28068 108.960866928
28068 108.891010284
28068 108.345031738
28068 109.037876129
28060 103.748083115
28060 101.287841797
28045 104.912042618
28045 101.651191711
28036 103.24382782
28036 104.611873627
27992 102.761030197
27992 102.004766464
27991 107.230901718
27991 120.828151703
27991 106.232881546
27990 115.152835846
27982 107.224941254
27961 108.109951019
27959 104.454040527
27959 108.968019485
27959 108.752965927
27959 107.568979263
27959 111.805915833
27935 101.488828659
27914 128.582000732
27908 110.198974609
27908 108.48903656
27908 102.735042572
27908 103.002071381
27908 108.739852905
27908 110.767126083
27908 120.805025101
27908 105.995893478
27906 111.256122589
27906 109.344005585
27838 102.560997009
27762 103.489875793
27762 108.598947525
27726 101.74703598
27706 103.436946869
27706 102.771043777
27706 107.079029083
27706 107.721805573
27706 117.588996887
27698 118.665933609
27687 115.103960037
27687 120.376825333
27687 114.742994308
27680 122.28012085
27671 125.241041183
27651 119.001865387
27651 124.186038971
27651 119.579076767
27638 119.44103241
27638 114.643096924
27638 117.663860321
27638 125.638961792
27638 126.357078552
27577 142.051935196
27565 118.934869766
27481 118.841171265
27458 115.761995316
27458 119.039058685
27458 119.923114777
27443 119.712114334
27443 114.052057266
27443 115.272045135
27443 127.735853195
27411 123.518943787
27402 109.825849533
27402 110.545873642
27402 111.008882523
27383 127.618789673
27358 113.36016655
27358 105.309963226
27355 117.04492569
27355 106.40001297
27330 116.44411087
27330 108.931064606
27300 111.086130142
27295 110.110044479
27295 113.421916962
27295 103.641986847
27295 106.595039368
27280 110.019922256
27280 104.324817657
27280 103.631973267
27280 104.239940643
27280 111.429929733
27238 102.280139923
27238 106.192111969
27219 120.33200264
27219 119.04501915
27219 116.936922073
