1193154 46563.4670258
1193142 51088.7029171
1193121 52458.2309723
1193077 53501.1019707
1193075 53228.5399437
1193070 50158.2331657
1193062 53654.4029713
1193039 56308.8400364
1193039 51078.8838863
1193036 48594.0949917
1193036 47855.4599285
1193006 48018.8169479
1193006 47584.5549107
1193000 48982.1200371
1192998 48269.2990303
1192970 48001.2500286
1192969 48129.7619343
1192969 47801.7978668
1192969 48027.2500515
1192959 48068.3488846
1192959 47936.8839264
1192921 52556.1897755
1192921 52757.9808235
1192921 52701.611042
1192921 52357.6309681
1192842 52566.9920444
1192808 52302.7038574
1192808 47364.3980026
1192802 46887.5200748
1192802 46992.0291901
1192797 46816.8199062
1192797 46971.255064
1192786 47027.8358459
1192784 46849.984169
1192765 46888.5409832
1192765 46907.6559544
1192747 45585.7169628
1192725 46862.8292084
1192725 46842.3199654
1192718 46948.8890171
1192687 46920.1769829
1192658 46800.5559444
1192637 46923.0239391
1192582 47495.9719181
1192582 47501.8360615
1192543 46794.4681644
1192537 46859.6069813
1192497 47018.8169479
1192490 46931.7629337
1192490 46282.8190327
1192473 46894.0970898
1192473 46904.1428566
1192473 46859.8508835
1192453 46986.6609573
1192442 46786.5869999
1192442 47092.0939445
1192442 46840.9011364
1192442 46873.349905
1192442 46915.9600735
1192442 46532.5360298
1192382 46872.1959591
1192382 46903.1870365
1192382 46732.2471142
1192364 47076.5860081
1192364 46873.6901283
1192358 47048.2339859
1192314 46935.3480339
1192314 46863.7940884
1192262 46939.6400452
1192262 46868.3760166
1192237 47047.9178429
1192237 46950.4959583
1192228 46783.4339142
1192228 46964.4908905
1192215 46963.5269642
1192215 46976.708889
1192188 46859.2619896
1192188 46700.7470131
1192188 46742.7089214
1192188 46961.5809917
1192181 46909.2121124
1192181 46773.4467983
1192167 47142.3671246
1192162 46855.3888798
1192162 46948.2440948
1192147 46934.0369701
1192116 47067.5780773
1192116 46963.0379677
1192116 46885.9810829
1192107 46841.7890072
1192107 46757.4598789
1192102 46876.1131763
1192080 46987.4911308
1192080 46751.7151833
1192021 46920.5038548
1192021 46802.3650646
1192021 46952.1009922
1192003 46810.2259636
1191987 46874.1869926
1191986 46860.683918
1191986 46783.5819721
1191980 46903.4919739
1191930 46990.1139736
1191907 46864.7320271
1191880 46765.5780315
1191871 47092.4811363
1191842 46874.0611076
1191839 46879.5728683
1191839 46922.5828648
1191839 46689.5089149
1191814 46860.4640961
1191810 46807.9981804
1191806 47074.0671158
1191798 46878.2839775
1191791 46854.0859222
1191791 46748.7738132
1191791 46925.1010418
1191791 46780.6179523
1191785 46895.4560757
1191785 47032.8159332
1191785 46955.8188915
1191773 46841.1619663
1191773 46897.1319199
1191755 47056.8380356
1191736 46868.0648804
1191736 46414.8621559
1191700 46717.3769474
1191700 47401.9050598
1191700 46849.615097
1191700 46890.8960819
1191642 46938.395977
1191624 46390.1259899
1191624 47028.3360481
1191624 46967.5049782
1191624 46775.8700848
1191624 46866.0898209
1191624 46839.4191265
1191623 46853.8999557
1191623 46796.3180542
1191563 46956.3939571
1191563 46938.2669926
1191563 46886.6369724
1191563 46828.660965
1191545 46903.3951759
1191545 46930.7489395
1191532 46818.3829784
1191503 46918.7378883
1191477 46864.7758961
1191463 47003.4620762
1191395 47013.9360428
1191395 46817.5430298
1191375 46895.5061436
1191375 46914.000988
1191369 46846.5399742
1191369 46809.5140457
1191369 46810.1489544
1191369 46825.9940147
1191362 46909.9090099
1191342 46892.8511143
1191340 46834.1441154
1191306 46758.8000298
1191299 46928.1880856
1191299 46793.2641506
1191297 46863.2678986
1191297 46903.1500816
1191211 46893.0568695
1191135 47016.505003
1191115 47090.1870728
1191055 46904.1330814
1191046 47355.6718826
1190973 47134.816885
1190973 47135.5128288
1190964 46899.4209766
1190964 47041.5990353
1190956 46900.4058838
1190956 46801.8479347
1190944 47048.4509468
1190934 46995.2738285
1190934 46851.1209488
1190892 46955.1768303
1190874 46935.7039928
1190874 46827.8288841
1190868 47281.3568115
1190868 51446.4149475
1190822 50055.9651852
1190801 54692.499876
1190801 52435.3840351
1190801 47319.562912
1190801 49695.6911087
1190787 49677.4799824
1190787 47010.5259418
1190787 51019.5410252
1190733 47409.3630314
1190703 47145.731926
1190703 47177.8948307
1190703 47168.1768894
1190684 47095.0791836
1190684 47668.8358784
1190684 52377.4590492
1190627 49497.2820282
1190624 47116.5668964
1190624 47028.6099911
1190602 46918.0591106
1190590 47125.3488064
1190590 46991.4181232
1190573 47196.6860294
1190573 47064.3460751
1190563 47007.0550442
1190563 47011.8300915
1190551 46676.0520935
1190528 46928.3771515
1190528 46902.0860195
1190528 52124.3979931
1190528 52730.9391499
1190508 52557.2321415
1190485 52610.9881401
1190466 52633.3839893
1190466 52498.1651306
1190436 47154.6838284
1190436 46902.1921158
1190434 46860.5430126
1190396 47156.1229229
1190396 46925.7171154
1190396 46821.2871552
1190366 46946.7520714
1190322 46879.0040016
1190322 46961.9309902
1190312 46879.1019917
1190304 46856.2810421
1190304 46859.7040176
1190304 46933.0229759
1190304 46881.6740513
1190304 46943.3400631
1190290 46865.6280041
1190290 46918.9920425
1190290 46800.3020287
1190228 46887.9330158
1190226 46890.2800083
1190226 47026.0641575
1190226 46782.2041512
1190226 46711.3537788
1190223 46892.936945
1190222 46842.717886
1190222 46983.1500053
1190217 46777.9541016
1190167 46766.6618824
1190163 46905.3888321
1190124 46796.405077
1190083 46824.5449066
1190053 46846.0700512
1190048 46901.7760754
1189977 46802.0718098
1189961 46781.7120552
1189961 46999.2768764
1189961 46967.2160149
1189900 46772.195816
1189826 46657.5598717
1189802 47128.6540031
1189787 46811.7361069
1189735 46926.7759323
1189735 46924.2699146
1189720 46815.5431747
1189720 46804.7862053
1189718 46834.9699974
1189713 46959.0620995
1189705 46925.511837
1189657 46955.2299976
1189648 46918.1480408
1189616 46977.7669907
1189616 46705.876112
1189616 46964.5638466
1189589 46810.3671074
1189589 46999.3999004
1189583 46777.9459953
1189583 46879.7409534
1189583 46826.5349865
1189532 46834.2590332
1189508 46871.9100952
1189508 46992.9449558
1189507 46976.4170647
1189507 46909.4700813
1189487 46926.7129898
1189474 47064.3668175
1189474 46913.2890701
1189473 47034.9020958
1189473 46841.1998749
1189448 46750.90909
1189427 46914.1719341
1189401 46944.2119598
1189396 46873.9130497
1189380 46978.140831
1189368 46794.3539619
1189368 46875.3919601
1189368 46673.2239723
1189331 46804.5380116
1189331 46859.6599102
1189323 46849.8950005
1189323 46890.0270462
1189300 46861.4900112
1189300 46808.880806
1189300 46834.7420692
1189292 46912.2760296
1189292 46962.2740746
1189280 46850.9380817
1189280 46766.4730549
1189277 46799.7348309
1189277 46772.1130848
1189244 46860.6009483
1189244 46866.9061661
1189244 47149.14608
1189202 46884.1538429
1189184 46978.6260128
1189184 46507.6711178
1189163 46854.8090458
1189105 46796.5989113
1189105 46990.8070564
1189016 46770.0760365
1188985 46986.6218567
1188925 46442.0661926
1188925 46859.8480225
1188925 46830.3618431
1188920 46932.6939583
1188899 46860.270977
1188888 46884.3851089
1188876 46734.4579697
1188876 46945.9078312
1188868 46826.8699646
1188868 46770.1311111
1188868 46823.3559132
1188868 47139.7221088
1188849 46743.8230515
1188849 46834.3811035
1188827 46904.8380852
1188772 46788.4869576
1188756 46813.8408661
1188731 47015.8331394
1188731 46831.3138485
1188731 46770.1470852
1188726 46828.9690018
1188726 46889.6489143
1188699 46691.8179989
1188699 46934.8630905
1188699 46843.9450264
1188699 46865.0519848
1188699 46869.1580296
1188659 46845.7040787
1188603 46896.9900608
1188591 46893.8109875
1188591 46849.38097
1188591 46671.0629463
1188591 46998.1789589
1188552 46864.2399311
1188546 46876.7969608
1188546 46734.9498272
1188546 46815.456152
1188533 46936.9540215
1188502 46909.1589451
1188462 46769.1338062
1188444 46806.4539433
1188423 46942.1739578
1188423 47235.1198196
1188423 46872.6601601
1188400 46832.1139812
1188400 46847.5921154
1188376 46860.2581024
1188335 46850.1620293
1188335 46744.9820042
1188335 46766.3669586
1188305 46748.6729622
1188305 46839.8709297
1188305 46887.7830505
1188305 46839.2310143
1188239 46824.5589733
1188239 46851.749897
1188239 46859.7249985
1188239 46698.0340481
1188239 46788.2349491
1188230 46840.9938812
1188230 46923.443079
1188230 46837.9189968
1188230 46918.9331532
1188230 46809.6029758
1188204 46849.421978
1188204 46810.7559681
1188204 46509.6020699
1188179 46848.9551544
1188149 46831.154108
1188129 46845.3559875
1188079 46894.8497772
1188079 46843.6861038
1188046 46899.0848064
1188021 46813.2078648
1187983 46832.4770927
1187963 46715.4569626
1187963 46897.0110416
1187963 46843.8148499
1187949 46543.4081554
1187911 46805.8841228
1187911 47085.3149891
1187911 46962.6610279
1187895 46780.7400227
1187894 46735.1047993
1187887 46889.551878
1187887 47256.5951347
1187887 46901.5090466
1187871 46940.089941
1187836 46846.6160297
1187827 47110.8481884
1187827 46889.6329403
1187824 46943.0379868
1187817 46883.3930492
1187788 46843.018055
1187776 46910.4678631
1187776 46833.3499432
1187736 46601.1538506
1187730 46855.5779457
1187730 46820.6069469
1187730 46937.4520779
1187715 46903.3401012
1187712 46800.9519577
1187712 46849.093914
1187712 46892.9519653
1187712 46887.0718479
1187712 47006.7141056
1187700 47104.4330597
1187700 46993.4401512
1187684 46761.2438202
1187664 46948.3280182
1187664 46759.3538761
1187664 46831.3951492
1187658 46881.6821575
1187652 46925.098896
1187652 46788.6588573
1187618 46887.9327774
1187618 46740.5331135
1187618 46735.9690666
1187618 46812.3319149
1187594 47042.6518917
1187582 46789.8221016
1187542 46882.1668625
1187532 46741.5719032
1187523 46913.6710167
1187523 46794.5950031
1187523 46922.5919247
1187439 46844.7470665
1187439 46852.7581692
1187439 46855.0288677
1187419 46790.6548977
1187419 47228.2149792
1187349 46897.0429897
1187349 46758.1191063
1187335 46854.7780514
1187335 46869.0209389
1187335 46846.2738991
1187311 46933.2249165
1187311 46827.1989822
1187300 46850.5599499
1187293 46925.1248837
1187233 46956.6500187
1187233 47005.368948
1187205 46851.2730598
1187186 46879.4949055
1187186 46982.7859402
1187186 46834.2740536
1187163 46849.1458893
1187163 46669.4619656
1187148 47037.2860432
1187104 46861.3119125
1187104 46875.1399517
1187010 46871.2091446
1187001 46845.5841541
1187001 46700.9902
1187001 46953.5210133
1187001 47869.16399
1186973 50657.0281982
1186973 49586.8060589
1186973 47122.3659515
1186964 47108.5839272
1186956 47042.0639515
1186956 46914.8879051
1186956 47147.8590965
1186925 47179.0020466
1186925 47198.2219219
1186906 47446.3589191
1186829 46913.5260582
1186829 47282.5710773
1186829 47122.3590374
1186829 47163.3999348
1186818 51775.3269672
1186805 52227.5400162
1186770 52263.7040615
1186770 52447.286129
1186761 52570.3699589
1186746 52669.7101593
1186746 47179.7368526
1186746 47060.1170063
1186746 46979.2599678
1186712 47130.5818558
1186712 46977.12183
1186657 46993.1149483
1186657 46993.6869144
1186657 47071.0577965
1186657 47143.2528496
1186656 46915.3060913
1186622 46835.2398872
1186622 46967.6911831
1186622 46888.8940811
1186622 46993.6740398
1186589 46881.4151287
1186575 46500.6668568
1186575 46802.3371696
1186575 46890.9189701
1186569 47134.8798275
1186568 47032.034874
1186559 46938.436985
1186527 46446.2790489
1186503 46940.1319027
1186503 46870.3401089
1186503 46822.343111
1186495 46993.3769703
1186495 46953.1579018
1186491 47011.4438534
1186476 46886.8989944
1186476 47003.483057
1186476 46975.1429558
1186430 46828.8660049
1186430 46980.919838
1186380 46877.5920868
1186343 46954.2350769
1186343 46945.4011917
1186343 46785.7530117
1186343 46846.3790417
1186331 46760.8370781
1186331 46930.5770397
1186331 46988.8880253
1186308 46839.9069309
1186308 46767.8010464
1186281 47131.5040588
1186281 46891.8559551
1186273 46776.6199112
1186229 46849.2069244
1186162 46952.6641369
1186162 46894.8171139
1186140 46939.991951
1186140 47043.3449745
1186140 46955.4479122
1186140 46888.4260654
1186138 47004.3921471
1186049 46908.5540771
1186049 46859.9970341
1186049 46951.6808987
1186049 46987.7450466
1185996 46866.2540913
1185996 46940.4118061
1185996 46278.4161568
1185989 46933.8920116
1185989 46863.2781506
1185989 46849.9569893
1185989 46984.1549397
1185989 47015.925169
1185989 46850.2411842
1185989 46894.7408199
1185957 46850.3229618
1185957 47199.1260052
1185957 46890.7079697
1185917 47262.1328831
1185917 46881.570816
1185873 46697.7679729
1185865 46867.2089577
1185856 46880.3210258
1185807 46923.8550663
1185754 47004.2278767
1185747 46949.5260715
1185686 46967.4918652
1185655 46915.6939983
1185592 46906.4350128
1185592 46878.5090446
1185582 46872.0011711
1185563 46965.6631947
1185563 46868.3190346
1185563 46860.3658676
1185560 46868.7131405
1185539 47482.2928905
1185539 46848.608017
1185506 46910.7489586
1185506 46960.4980946
1185506 46910.2008343
1185473 46858.8860035
1185473 46978.9760113
1185464 46828.6299706
1185455 46827.4481297
1185449 46795.9780693
1185449 46872.9598522
1185431 46856.9948673
1185409 46859.664917
1185390 46802.7911186
1185390 46842.6098824
1185386 46837.8770351
1185386 46980.3481102
1185380 46935.133934
1185380 46955.8498859
1185380 46923.2180119
1185380 46755.9838295
1185357 46986.2990379
1185302 46826.6382217
1185273 47011.9628906
1185273 46976.0808945
1185271 46916.3711071
1185245 46953.8729191
1185237 47010.1020336
1185237 47115.2291298
1185237 46998.8000393
1185237 46996.7429638
1185237 46968.6439037
1185237 46806.7359924
1185237 46793.8268185
1185179 46881.3710213
1185142 46727.5290489
1185131 46888.7059689
1185127 46815.1299953
1185124 46844.6969986
1185124 46569.9059963
1185117 46891.3800716
1185096 46846.5299606
1185096 46820.1580048
1185096 47113.8410568
1185096 46868.6909676
1185023 46853.4259796
1185011 46930.0072193
1185011 46895.2400684
1185011 46828.2439709
1184956 46960.5288506
1184956 46853.3627987
1184956 47046.9169617
1184942 46896.7890739
1184942 46958.0070972
1184942 46889.1649246
1184937 46940.5658245
1184935 46974.2109776
1184935 46883.4359646
1184935 46793.98489
1184903 46844.2997932
1184889 46942.2662258
1184889 47025.9540081
1184881 47032.6988697
1184881 46856.0290337
1184874 46995.8820343
1184860 46972.7339745
1184860 46495.3451157
1184860 46851.569891
1184818 46929.5721054
1184818 47123.1272221
1184818 46835.9370232
1184813 46863.0130291
1184813 46840.1129246
1184813 46893.3868408
1184813 47007.8680515
1184757 46931.524992
1184698 46766.6110992
1184673 46839.1780853
1184673 46903.6390781
1184636 46840.9719467
1184604 46845.7829952
1184604 46832.2591782
1184596 47002.9358864
1184566 46443.434
1184554 46951.1358738
1184522 46836.1048698
1184514 46869.1620827
1184514 46849.3440151
1184503 46825.2170086
1184448 47270.4930305
1184448 46967.6439762
1184448 47357.323885
1184448 46957.567215
1184448 46884.4599724
1184448 46882.7841282
1184431 46916.5451527
1184419 46796.1440086
1184406 46879.0781498
1184381 46752.4800301
1184381 46986.1810207
1184366 46902.764082
1184359 47100.7788181
1184349 46893.8100338
1184349 46785.4418755
1184337 46902.9998779
1184331 46927.8430939
1184331 46887.3729706
1184290 47209.0990543
1184290 46922.5349426
1184274 46908.9550972
1184274 46821.7930794
1184260 47006.1099529
1184260 46868.7090874
1184225 47187.2839928
1184221 46917.732954
1184194 46958.5709572
1184145 46395.927906
1184107 47101.8719673
1184107 46873.9459515
1184102 46902.6329517
1184082 46714.922905
1184082 46854.7790051
1184077 46916.6820049
1184077 46953.4769058
1184077 46986.3350391
1184077 46930.478096
1184077 46450.0551224
1184077 47047.7728844
1184029 46930.4459095
1184000 46924.2870808
1183991 46761.3010406
1183953 46793.6041355
1183953 47271.9399929
1183953 46917.828083
1183953 48122.4770546
1183939 49807.1811199
1183933 47090.0809765
1183912 47197.7629662
1183886 47124.3269444
1183886 47024.4019032
1183886 47152.0898342
1183886 47143.3560848
1183886 47174.0319729
1183886 46841.1359787
1183886 47091.094017
1183886 47116.8141365
1183848 47010.5371475
1183848 47159.5840454
1183848 52555.9930801
1183848 48055.6590557
1183832 47227.9689312
1183812 46951.0791302
1183812 47031.2690735
1183804 46934.9889755
1183804 47001.0180473
1183800 47177.4051189
1183800 47128.4911633
1183800 47095.9589481
1183800 46834.1159821
1183800 47165.1961803
1183800 46943.6240196
1183792 47032.9649448
1183792 51869.2522049
1183791 52143.0649757
1183791 52637.9189491
1183748 52280.6038857
1183748 52324.1739273
1183748 52322.8580952
1183744 47801.1519909
1183744 46919.4831848
1183744 47043.3878899
1183744 46472.8701115
1183744 47020.6270218
1183744 46876.6520023
1183744 46912.7020836
1183739 46721.8739986
1183731 46783.1580639
1183731 46839.7181034
1183720 46919.5098877
1183702 46843.9531326
1183702 46856.990099
1183702 46829.2589188
1183662 46867.4030304
1183647 47040.8000946
1183647 46373.5940456
1183621 46884.4501972
1183603 46958.6849213
1183599 47060.3661537
1183599 46962.3250961
1183587 46900.4559517
1183524 47027.3389816
1183524 46830.5840492
1183524 46878.1340122
1183524 46953.7220001
1183524 46889.8291588
1183524 46862.8880978
1183524 46872.9801178
1183524 47105.066061
1183524 47011.9860172
1183524 46859.1570854
1183524 46919.6879864
1183524 46843.9221382
1183472 46819.9191093
1183472 46848.8459587
1183472 46810.3508949
1183472 46483.7851524
1183440 46795.0770855
1183440 46893.1159973
1183440 46803.8370609
1183426 46456.2461376
1183426 46895.9729671
1183426 46775.0940323
1183426 46950.7279396
1183426 46936.193943
1183426 47145.1449394
1183426 46984.7400188
1183400 46911.260128
1183397 47052.1979332
1183397 46929.2321205
1183321 46908.4379673
1183321 46936.524868
1183310 46985.7640266
1183277 46975.9190083
1183277 46789.9389267
1183270 46910.3000164
1183259 46918.0879593
1183259 46844.1300392
1183227 46969.0668583
1183153 46902.2400379
1183108 46926.0139465
1183108 46830.769062
1183108 47100.0571251
1183108 46783.7150097
1183044 46944.0870285
1183039 46896.1160183
1183024 46909.4569683
1183024 46753.469944
1183018 46873.842001
1183018 46795.9530354
1183010 46933.0809116
1182979 46951.9178867
1182954 46933.2230091
1182954 46867.1028614
1182916 46758.988142
1182916 46950.5851269
1182904 46835.0188732
1182904 46964.7810459
1182904 46885.5259418
1182904 46885.6050968
1182904 47006.5140724
1182904 46530.8840275
1182902 46740.0081158
1182891 46905.49016
1182880 46928.4210205
1182880 46873.7778664
1182880 46929.4521809
1182879 46841.1619663
1182840 46999.4060993
1182840 46886.1970901
1182818 46891.7980194
1182818 46795.4690456
1182805 46790.8577919
1182775 46955.5079937
1182775 46963.1280899
1182775 46827.4400234
1182735 46980.1390171
1182710 46901.7870426
1182710 46931.417942
1182710 46804.6739101
1182710 46975.8560658
1182710 46763.5791302
1182708 47114.9861813
1182708 46788.0599499
1182686 46918.8621044
1182686 46885.5071068
1182686 47043.3580875
1182675 46962.572813
1182675 46776.307106
1182590 46866.5020466
1182556 46843.5649872
1182540 46721.0819721
1182518 47004.8620701
1182518 46937.0880127
1182463 46731.0209274
1182453 46761.849165
1182417 46671.9710827
1182417 46795.7720757
1182395 46845.7670212
1182395 46841.835022
1182395 46785.5870724
1182341 46860.9209061
1182341 46858.798027
1182325 46822.3779202
1182325 46968.9879417
1182289 46995.3510761
1182270 46782.269001
1182270 46883.1038475
1182212 47025.9020329
1182138 46878.0298233
1182122 47008.7389946
1182093 46800.1570702
1182093 46878.2601357
1182093 47016.1671638
1182093 47126.1160374
1182093 46918.0219173
1182031 46962.2681141
1182031 46718.6601162
1182031 46823.3859539
1182022 46975.2168655
1182008 46906.1291218
1181942 47079.6539783
1181918 47100.744009
1181918 47059.2939854
1181918 46922.2280979
1181892 46922.8649139
1181872 46580.3239346
1181830 47163.9428139
1181805 47000.0388622
1181805 47086.7221355
1181758 46989.2559052
1181747 46919.5671082
1181732 47109.0800762
1181732 47052.3729324
1181718 46860.6340885
1181706 46703.1929493
1181706 46936.8290901
1181685 46909.9290371
1181685 47153.5260677
1181685 46971.7550278
1181666 46970.7489014
1181666 46917.1848297
1181666 46782.1118832
1181656 46897.5448608
1181620 46719.9239731
1181620 46901.2269974
1181609 46859.7490788
1181609 46929.7111034
1181578 46908.962965
1181550 46836.1430168
1181495 46947.0989704
1181492 46901.2129307
1181492 46752.2060871
1181492 46949.0950108
1181488 46797.0380783
1181488 46931.1668873
1181488 46691.5290356
1181488 46923.0179787
1181467 46828.3989429
1181443 46942.0258999
1181425 46957.5541019
1181422 46833.8570595
1181422 47120.5699444
1181422 46829.1990757
1181412 47052.7861118
1181408 46980.7708263
1181408 46815.4799938
1181408 46455.9879303
1181408 46762.7818584
1181408 46973.8550186
1181405 46957.2060108
1181334 46947.9157925
1181334 46914.8788452
1181334 47023.5340595
1181334 46888.7338638
1181331 46779.1152
1181331 47014.3499374
1181331 46934.9131584
1181288 48421.859026
1181288 52491.122961
1181270 47825.8910179
1181259 47190.7289028
1181259 46976.8488407
1181247 47080.7988644
1181247 47151.6480446
1181239 46972.4869728
1181205 46979.5639515
1181205 46958.1270218
1181205 47009.5539093
1181171 46903.6068916
1181168 46926.651001
1181151 46958.5700035
1181151 46977.4610996
1181151 46839.1849995
1181109 46848.3929634
1181109 46928.3401966
1181088 46935.680151
1181087 46964.9128914
1181087 46933.1450462
1181087 46822.2770691
1181049 47140.103817
1181049 47089.7159576
1181049 46998.7540245
1181032 46902.7400017
1181016 47047.5070477
1180953 46878.0109882
1180947 46932.3709011
1180937 47065.5119419
1180908 46964.304924
1180883 46918.3089733
1180850 47050.3861904
1180832 46952.1558285
1180829 46816.6358471
1180783 47024.515152
1180783 46868.7648773
1180758 46865.5500412
1180711 46956.4888477
1180705 46892.868042
1180705 46885.3430748
1180676 46959.2111111
1180660 46864.536047
1180660 46944.9660778
1180660 46951.3640404
1180660 46848.2768536
1180660 46860.448122
1180660 46906.8908691
1180639 46770.4360485
1180639 46890.805006
1180639 46869.5631027
1180594 46942.5699711
