8843 19.2711353302
8843 21.9259262085
8816 19.6170806885
8816 19.1159248352
8809 19.1750526428
8805 19.082069397
8738 19.2320346832
8716 19.1481113434
8716 19.7279453278
8706 23.903131485
8706 19.5801258087
8685 19.1249847412
8685 20.5309391022
8640 20.2970504761
8625 19.4549560547
8611 19.2451477051
8611 19.296169281
8603 19.268989563
8603 19.4771289825
8598 19.3300247192
8598 20.3971862793
8598 19.3750858307
8598 20.3061103821
8537 19.9038982391
8537 19.8822021484
8497 19.7088718414
8490 25.9459018707
8490 27.3611545563
8442 22.4459171295
8442 23.5829353333
8420 22.7918624878
8420 25.7859230042
8420 21.3949680328
8417 20.7710266113
8412 21.0819244385
8406 23.9329338074
8391 23.0510234833
8373 20.555973053
8373 19.3629264832
8365 19.9370384216
8328 19.6468830109
8323 19.7179317474
8267 19.7780132294
8253 28.4118652344
8253 21.2621688843
8253 19.8829174042
8253 24.5900154114
8233 23.8349437714
8220 23.649930954
8220 25.7129669189
8220 24.472951889
8220 25.1598358154
8219 21.5950012207
8209 26.398897171
8160 23.7290859222
8160 21.3360786438
8160 21.5368270874
8159 22.045135498
8159 25.2938270569
8159 20.5750465393
8159 19.7169780731
8159 23.8490104675
8159 20.5230712891
8130 24.4979858398
8115 24.9791145325
8114 21.0938453674
8108 24.4119167328
8108 24.4309902191
8108 19.8380947113
8108 19.7269916534
8086 22.4449634552
8086 27.6589393616
8086 22.646188736
8086 24.8038768768
8085 24.9450206757
8085 22.0749378204
8073 23.2779979706
8073 20.0259685516
8073 23.4780311584
8055 19.6039676666
8038 20.0231075287
8038 19.8628902435
8018 22.3920345306
8018 21.6960906982
8018 20.1020240784
7995 20.0700759888
7957 22.125005722
7957 22.9249000549
7957 25.8009433746
7911 27.3051261902
7905 22.4459171295
7904 25.8569717407
7904 21.5499401093
7903 25.5038738251
7903 21.4931964874
7903 21.5518474579
7903 23.3459472656
7895 22.9949951172
7895 29.3478965759
7895 25.5529880524
7895 23.1909751892
7875 24.5430469513
7867 20.4339027405
7867 20.7221508026
7867 20.7409858704
7815 20.4420089722
7811 20.8809375763
7770 20.4350948334
7770 20.6770896912
7770 21.1501121521
7761 20.5450057983
7753 20.9128856659
7745 20.8909511566
7745 20.8361148834
7700 20.3719139099
7672 20.6270217896
7672 20.7228660583
7672 20.5681324005
7672 23.206949234
7672 23.4889984131
7672 22.6879119873
7672 20.6859111786
7672 20.5149650574
7672 20.9970474243
7672 20.5099582672
7672 20.4699039459
7657 20.5390453339
7651 20.5180644989
7651 20.534992218
7644 20.2379226685
7628 20.5390453339
7605 20.5249786377
7605 20.6019878387
7596 20.7629203796
7591 20.5709934235
7584 20.7929611206
7584 20.9240913391
7573 20.6120014191
7573 20.5669403076
7520 20.5779075623
7520 20.5638408661
7520 20.5619335175
7520 20.6611156464
7520 27.3621082306
7515 23.2889652252
7515 20.6799507141
7515 29.825925827
7515 21.0099220276
7452 21.6920375824
7452 20.6251144409
7416 20.9319591522
7396 20.919084549
7396 25.6359577179
7396 26.0620117188
7396 21.292924881
7347 25.4480838776
7342 25.6130695343
7333 25.9308815002
7329 23.7169265747
7326 29.6430587769
7320 22.0630168915
7267 20.8759307861
7267 26.1030197144
7263 25.3329277039
7263 26.2179374695
7263 24.9729156494
7253 24.7337818146
7253 27.7190208435
7252 20.8280086517
7252 21.1608409882
7252 29.7789573669
7251 25.3849029541
7251 26.9339084625
7251 22.0229625702
7251 27.3010730743
7251 23.6570835114
7251 25.689125061
7250 21.6059684753
7250 29.8109054565
7245 21.9819545746
7242 20.8671092987
7242 25.7749557495
7227 24.2900848389
7227 24.8010158539
7218 22.3541259766
7218 26.419878006
7218 21.3119983673
7218 21.2571620941
7217 21.5330123901
7183 27.1348953247
7183 21.1579799652
7183 21.2199687958
7183 24.3260860443
7170 22.705078125
7170 26.8938541412
7161 21.5930938721
7136 22.0289230347
7119 21.2140083313
7104 21.1849212646
7103 21.2550163269
7103 21.1479663849
7103 21.2528705597
7098 21.9769477844
7087 22.9790210724
7087 22.763967514
7067 23.7579345703
7067 23.1320858002
7041 21.6929912567
7041 22.1810340881
7030 22.1288204193
7030 26.8859863281
7030 22.4690437317
7030 21.8369960785
7030 21.7180252075
7030 26.2279510498
7030 25.1939296722
6993 22.5419998169
6993 26.3659954071
6993 21.8348503113
6993 21.5880870819
6987 25.4490375519
6959 28.0230045319
6959 26.6680717468
6959 21.7278003693
6929 26.5030860901
6926 26.4949798584
6896 22.341966629
6877 21.4948654175
6843 21.8648910522
6843 21.537065506
6843 25.847196579
6843 26.6258716583
6843 28.2039642334
6820 25.3281593323
6820 22.2201347351
6820 25.5711078644
6814 22.9029655457
6811 21.7599868774
6811 21.8150615692
6811 22.5718021393
6811 24.3830680847
6799 24.1549015045
6769 21.7590332031
6769 26.7460346222
6769 23.4959125519
6724 22.6240158081
6724 22.392988205
6707 21.9860076904
6687 26.5619754791
6644 22.0861434937
6640 22.1211910248
6640 22.6409435272
6633 24.9650478363
6629 22.0589637756
6620 24.735212326
6615 24.0008831024
6615 22.0189094543
6592 22.1378803253
6591 22.1979618073
6591 22.1080780029
6582 22.10688591
6573 22.3469734192
6573 22.1519470215
6573 22.2420692444
6564 23.0429172516
6558 22.3438739777
6558 22.3581790924
6532 22.383928299
6509 22.2959518433
6509 22.5050449371
6509 22.4289894104
6509 22.1438407898
6509 22.4540233612
6503 22.3660469055
6486 22.4370956421
6486 22.3138332367
6424 23.875951767
6401 22.6211547852
6401 22.4239826202
6376 22.402048111
6376 22.4769115448
6376 22.5079059601
6376 22.8698253632
6376 23.5929489136
6376 25.9249210358
6376 28.8450717926
6361 22.7499008179
6349 24.8761177063
6349 30.3781032562
6349 25.0980854034
6349 22.9778289795
6299 27.7180671692
6299 23.03814888
6299 22.7341651917
6291 27.6479721069
6291 27.8029441833
6279 23.628950119
6279 22.7789878845
6248 27.055978775
6248 26.4041423798
6248 22.4759578705
6248 22.6571559906
6248 28.7699699402
6220 23.0848789215
6220 22.7301120758
6220 27.5590419769
6219 22.7451324463
6199 23.1649875641
6199 24.1961479187
6199 27.3230075836
6199 25.3639221191
6196 25.153875351
6191 25.8729457855
6191 22.7611064911
6174 22.8679180145
6174 23.8261222839
6168 26.3171195984
6158 23.1220722198
6122 22.8950977325
6122 22.9308605194
6122 27.6129245758
6114 26.4239311218
6079 23.2989788055
6046 23.9851474762
6026 22.9160785675
6016 22.9430198669
6014 23.3578681946
6014 22.8099822998
6014 23.0469703674
6012 22.971868515
6010 23.0708122253
6010 23.1139659882
6009 26.3478755951
6008 24.1811275482
6008 22.9620933533
6008 23.0731964111
6008 23.1590270996
6008 23.7448215485
6006 23.9078998566
6006 26.7820358276
6006 27.5158882141
6006 23.1277942657
6006 23.2119560242
6006 27.9371738434
6006 23.4129428864
6006 23.2541561127
6005 23.2291221619
5999 26.1151790619
5999 29.2820930481
5999 23.7460136414
5999 28.0148983002
5989 24.5201587677
5978 28.1178951263
5978 26.9091129303
5977 29.9038887024
5973 24.3289470673
5973 26.9100666046
5972 28.2909870148
5972 23.9839553833
5964 23.4191417694
5964 31.366109848
5961 25.0961780548
5961 30.396938324
5961 25.4619121552
5949 22.961139679
5921 23.0550765991
5921 23.1099128723
5921 23.2200622559
5891 23.118019104
5891 24.2190361023
5891 26.1430740356
5891 26.0710716248
5856 23.4811306
5856 23.2639312744
5856 24.4860649109
5856 24.4410037994
5856 27.9331207275
5856 27.4090766907
5856 28.6819934845
5856 24.2519378662
5856 25.5620479584
5856 24.7387886047
5854 23.6420631409
5854 23.1490135193
5854 23.4429836273
5839 23.176908493
5821 23.6179828644
5808 23.3910083771
5782 23.6918926239
5782 24.1990089417
5780 24.2300033569
5780 23.8180160522
5750 23.6570835114
5750 23.5989093781
5750 23.6039161682
5750 23.6799716949
5736 23.9548683167
5727 24.5261192322
5727 23.3199596405
5727 23.7040519714
5727 23.9021778107
5727 23.6492156982
5712 23.8361358643
5712 24.463891983
5712 29.0930271149
5712 25.6040096283
5712 23.689031601
5712 23.6690044403
5694 23.6260890961
5673 23.6539840698
5673 23.7469673157
5668 28.7919044495
5657 26.0138511658
5657 24.759054184
5637 25.407075882
5631 23.8599777222
5631 23.8800048828
5629 24.3399143219
5624 23.9069461823
5624 23.6678123474
5624 23.8001346588
5624 23.8170623779
5624 25.2227783203
5600 24.2540836334
5590 28.4488201141
5590 24.0077972412
5590 24.0888595581
5590 24.1038799286
5562 30.4398536682
5562 30.8129787445
5562 23.8552093506
5562 24.14894104
5562 24.0859985352
5551 24.4019031525
5551 24.0888595581
5548 27.8489589691
5548 23.7500667572
5548 23.9131450653
5537 23.9980220795
5537 25.6769657135
5537 27.4279117584
5537 24.1930484772
5537 24.0831375122
5537 24.6148109436
5537 24.8820781708
5537 24.0769386292
5537 24.3358612061
5532 24.1379737854
5532 24.0728855133
5524 24.1420269012
5524 24.129152298
5524 24.0960121155
5524 24.2638587952
5515 24.8079299927
5509 23.8828659058
5509 24.2700576782
5509 24.5411396027
5509 25.0899791718
5498 24.9910354614
5498 24.4450569153
5497 24.4660377502
5476 24.3771076202
5476 24.5079994202
5474 24.4681835175
5451 24.6429443359
5451 24.8191356659
5451 24.5590209961
5438 24.8532295227
5438 24.6319770813
5427 24.6980190277
5427 24.7220993042
5427 24.6849060059
5427 24.7409343719
5427 24.7008800507
5421 24.7349739075
5421 24.7759819031
5421 24.738073349
5421 24.8630046844
5413 25.778055191
5413 24.7671604156
5413 24.8670578003
5406 24.7790813446
5406 24.838924408
5406 24.9300003052
5406 25.7148742676
5379 24.9760150909
5379 25.0000953674
5379 24.8827934265
5363 24.9359607697
5363 27.6391506195
5302 28.7470817566
5302 29.7508239746
5302 25.0079631805
5302 25.4650115967
5302 25.0461101532
5302 25.1269340515
5302 24.7359275818
5302 29.1631221771
5302 25.2089500427
5302 25.0658988953
5302 25.1500606537
5302 29.3650627136
5284 25.1309871674
5284 25.1951217651
5283 25.2251625061
5283 25.1591205597
5283 27.1980762482
5271 30.1349163055
5271 25.2649784088
5271 25.2048969269
5271 26.1161327362
5271 24.8379707336
5267 24.8610973358
5267 25.1438617706
5195 25.1200199127
5195 25.2261161804
5195 24.7728824615
5195 25.475025177
5195 24.9309539795
5195 25.2549648285
5195 25.2258777618
5195 25.6450176239
5195 25.2768993378
5195 28.7411212921
5195 24.8038768768
5195 25.2058506012
5195 24.9061584473
5195 25.2511501312
5195 24.9409675598
5195 29.1180610657
5186 26.468038559
5186 25.3729820251
5186 24.8169898987
5186 30.0879478455
5186 25.0570774078
5186 25.111913681
5186 25.7301330566
5186 26.4258384705
5179 25.1939296722
5179 25.7592201233
5174 29.746055603
5155 25.4280567169
5155 25.5019664764
5155 25.4991054535
5146 26.7021656036
5146 31.7859649658
5108 25.3040790558
5108 25.3279209137
5108 28.8410186768
5103 25.8219242096
5096 25.9308815002
5096 25.7749557495
5062 25.8359909058
5060 25.9881019592
5060 26.1750221252
5060 26.4849662781
5055 25.8440971375
5055 27.3501873016
5055 26.9300937653
5050 25.9139537811
5050 25.5978107452
5050 29.0198326111
5050 25.9740352631
5050 30.6601524353
5050 26.0479450226
5050 25.9580612183
5050 26.0238647461
5050 26.1619091034
5050 25.9890556335
5050 26.1259078979
5050 26.0651111603
5050 26.132106781
5050 29.6139717102
5050 26.8130302429
5050 26.6761779785
5050 26.0820388794
5039 30.9569835663
5039 26.4930725098
5031 30.6711196899
5022 26.5820026398
4999 30.9429168701
4999 26.2241363525
4999 26.1240005493
4999 26.4508724213
4973 26.4511108398
4973 31.1620235443
4962 26.8180370331
4962 31.3601493835
4962 30.9958457947
4962 26.2718200684
4962 26.093006134
4962 26.1399745941
4962 26.4799594879
4962 26.435136795
4962 26.4050960541
4958 31.0180187225
4941 26.4439582825
4941 27.2619724274
4941 26.6351699829
4941 26.6239643097
4934 26.3910293579
4934 26.3209342957
4934 27.517080307
4934 28.4879207611
4919 26.9899368286
4918 26.7820358276
4918 27.6160240173
4918 27.7600288391
4914 26.7729759216
4914 29.7179222107
4879 28.1050205231
4869 27.6899337769
4869 26.6320705414
4869 26.5920162201
4869 29.2179584503
4869 26.4151096344
4869 26.6671180725
4869 26.5860557556
4840 26.976108551
4840 28.1829833984
4820 26.5998840332
4817 26.6938209534
4817 26.6649723053
4817 27.2800922394
4817 27.3861885071
4817 26.7860889435
4817 26.7870426178
4804 26.7739295959
4801 27.5719165802
4801 27.1029472351
4794 26.9770622253
4794 26.9050598145
4789 27.1182060242
4789 27.1639823914
4789 28.2409191132
4789 27.125120163
4785 26.9420146942
4785 27.074098587
4767 26.9567966461
4767 26.859998703
4765 31.6400527954
4765 27.204990387
4765 27.1458625793
4765 27.0299911499
4765 27.195930481
4765 27.1270275116
4763 27.1880626678
4749 27.1780490875
4749 30.1702022552
4744 28.2609462738
4744 27.9288291931
4744 27.5158882141
4731 27.4648666382
4731 27.3439884186
4731 27.4441242218
4731 31.818151474
4730 27.529001236
4730 28.4178256989
4728 33.0460071564
4723 32.3638916016
4723 27.6300907135
4723 27.5180339813
4699 27.7259349823
4699 29.2069911957
4699 28.6109447479
4699 33.2200527191
4699 27.9581546783
4699 32.427072525
4699 27.6041030884
4699 32.3259830475
4699 28.373003006
4699 28.1050205231
4699 27.7338027954
4688 27.6319980621
4680 28.0029773712
4680 27.4610519409
4667 27.7218818665
4664 27.6939868927
4660 27.7328491211
4660 27.724981308
4642 27.685880661
4642 27.8508663177
4642 27.813911438
4642 27.7857780457
4642 28.7680625916
4634 28.3780097961
4632 28.1810760498
4618 27.9700756073
4618 28.0129909515
4616 28.3048152924
4609 28.0029773712
4609 28.2709598541
4599 28.0201435089
4599 37.6908779144
4599 32.7880382538
4599 37.8119945526
4594 28.3560752869
4594 32.5679779053
4586 31.594991684
4579 28.5289287567
4579 28.4349918365
4579 28.3639431
4579 33.1411361694
4579 29.1590690613
4579 33.0708026886
4558 28.1019210815
4558 28.247833252
4558 28.0959606171
4558 28.4380912781
4558 28.6509990692
4541 28.3181667328
4541 28.2709598541
4541 28.2399654388
4541 28.3279418945
4541 28.3150672913
4541 28.2690525055
4541 28.3591747284
4541 28.6231040955
4539 28.4950733185
4539 28.3591747284
4539 28.4850597382
4524 28.5470485687
4503 28.3539295197
4478 32.7670574188
4478 28.2399654388
4478 28.3629894257
4459 28.3389091492
4459 28.1929969788
4459 28.128862381
4459 28.3470153809
4459 28.430223465
4452 28.4531116486
4450 28.3279418945
4450 28.0959606171
4450 28.2731056213
4449 28.1200408936
4449 27.969121933
4449 28.4948348999
4449 29.3619632721
4417 28.6459922791
4417 30.0390720367
4417 28.8469791412
4417 28.491973877
4417 28.4929275513
4417 33.1230163574
4417 32.0920944214
4417 28.6769866943
4417 28.5060405731
4417 33.9040756226
4417 29.4938087463
4405 28.7659168243
4405 28.5909175873
4405 29.2539596558
4405 28.7480354309
4405 28.3648967743
4405 28.8109779358
4405 28.5749435425
4405 28.8038253784
4404 28.904914856
4404 28.8310050964
4404 28.804063797
4404 29.6869277954
4404 29.6380519867
4404 33.4980487823
4404 32.6972007751
4404 29.1790962219
4404 33.6389541626
4404 34.8348617554
4398 28.9859771729
4394 28.8100242615
4394 33.6270332336
4394 29.6530723572
4394 29.149055481
4394 30.7071208954
4394 28.9759635925
4394 30.3559303284
4394 28.5921096802
4394 28.8310050964
4394 28.4240245819
4394 32.4618816376
4382 30.0481319427
4382 29.3521881104
4382 29.0958881378
4382 28.6769866943
4379 31.142950058
4379 31.7361354828
4379 29.5059680939
4379 29.0551185608
4379 29.0358066559
4379 29.0379524231
4379 28.9831161499
4379 29.1788578033
4379 29.0360450745
4379 29.177904129
4379 33.7479114532
4379 29.7889709473
4379 30.2798748016
4379 32.6318740845
4371 29.2940139771
4371 29.3831825256
4371 32.4079990387
4371 30.9491157532
4371 29.5491218567
4363 28.904914856
4363 29.0920734406
4363 29.757976532
4363 28.9659500122
4363 29.109954834
4363 29.3290615082
4363 29.4408798218
4363 29.4599533081
4363 30.1749706268
4363 31.3920974731
4360 33.0128669739
4360 29.5510292053
4355 29.3219089508
4355 29.4051170349
4352 33.9078903198
4352 30.149936676
4352 29.5379161835
4352 29.5798778534
4343 29.4680595398
4337 29.4411182404
4334 29.4098854065
4334 29.5469760895
4334 29.52003479
4320 29.5391082764
4320 29.6790599823
4320 29.9670696259
4320 30.3971767426
4320 29.9730300903
4320 29.669046402
4320 29.541015625
4316 29.9310684204
4316 32.0720672607
4316 29.6061038971
4316 29.748916626
4316 29.611825943
4316 30.4498672485
4316 30.5721759796
4316 35.2640151978
4308 29.8857688904
4305 33.7779521942
4298 31.4130783081
4267 29.7291278839
4267 29.7930240631
4267 34.3809127808
4267 29.8390388489
4267 29.7560691833
4267 29.8721790314
4267 29.6900272369
4267 29.7648906708
4262 29.9189090729
4262 29.7729969025
4255 30.1511287689
4255 30.7989120483
4255 30.3211212158
4240 30.0800800323
4240 30.0180912018
4240 29.96301651
4240 34.3799591064
4240 32.5660705566
4240 37.1589660645
4240 30.9181213379
4240 33.1490039825
4239 30.0080776215
4239 30.5109024048
4239 30.2622318268
4239 30.4040908813
4239 30.1630496979
4239 31.1999320984
4239 30.4310321808
4239 35.1378917694
4239 30.84897995
4239 30.1718711853
4239 29.9460887909
4217 30.0018787384
4217 30.0390720367
4217 30.4338932037
4210 30.3568840027
4205 30.2758216858
4191 30.2970409393
4167 30.4338932037
4167 30.3430557251
4167 30.3328037262
4167 30.7469367981
4167 30.3978919983
4166 30.6270122528
4166 30.3840637207
4166 30.6038856506
4166 30.5209159851
4166 30.3750038147
4160 30.4160118103
4160 30.5750370026
4160 30.5240154266
4160 30.4667949677
4160 30.5140018463
4160 30.4791927338
4160 34.707069397
4160 30.8048725128
4160 30.4989814758
4160 30.5790901184
4160 30.4851531982
4160 31.5201282501
4160 30.4510593414
4160 30.5109024048
4157 30.5788516998
4157 30.5120944977
4157 30.5449962616
4132 30.6131839752
4124 30.5089950562
4124 30.611038208
4124 30.5690765381
4124 30.5800437927
4123 30.6558609009
4119 30.6129455566
4118 30.5769443512
4118 30.7459831238
4118 30.7450294495
4118 30.8051109314
4118 30.8060646057
4118 30.6470394135
4118 31.1739444733
4118 30.6429862976
4118 30.5650234222
4118 30.6649208069
4118 30.7009220123
4118 30.7099819183
4118 30.7431221008
4118 30.7409763336
4116 30.6789875031
4104 31.0800075531
4104 30.4751396179
4104 30.8001041412
4104 30.9219360352
4104 34.0099334717
4104 31.6529273987
4104 30.1990509033
4104 35.640001297
4104 30.916929245
4104 35.7720851898
4104 30.9112071991
4092 30.9529304504
4092 30.9569835663
4092 30.925989151
4049 30.4820537567
4049 30.5790901184
4049 30.4999351501
4049 31.0809612274
4049 31.0168266296
4049 31.1770439148
4036 31.0771465302
4036 30.9319496155
4036 30.9829711914
4036 31.3420295715
4031 31.0378074646
4010 31.0769081116
4010 31.152009964
4010 31.1040878296
3976 30.6620597839
3975 31.2280654907
3975 31.1009883881
3975 31.25
3975 35.8700752258
3970 31.0678482056
3970 31.0428142548
3970 31.2829017639
3955 31.996011734
3955 31.8310260773
3955 31.2461853027
3945 31.2190055847
3945 31.2659740448
3945 30.8659076691
3945 31.1720371246
3938 31.2688350677
3938 31.9118499756
3936 31.1479568481
3936 31.3639640808
3933 31.1839580536
3910 31.2190055847
3910 31.2428474426
3890 31.3060283661
3890 31.3808917999
3878 31.4810276031
3878 31.280040741
3862 33.5111618042
3851 32.8240394592
3851 31.2581062317
3851 31.4371585846
3851 31.6030979156
3851 35.8159542084
3851 31.6519737244
3851 31.5508842468
3851 36.5569591522
3851 32.7332019806
3851 35.0589752197
3844 34.2221260071
3844 35.4421138763
3844 32.684803009
3844 36.6640090942
3844 36.2100601196
