4175 9.38701629639
4175 9.12618637085
4172 13.4410858154
4130 9.5329284668
4130 9.18006896973
4129 9.25397872925
4122 9.43803787231
4100 9.25207138062
4100 9.32002067566
4098 9.25207138062
4091 9.33694839478
4058 9.36913490295
4058 9.33885574341
3993 9.30714607239
3968 9.6230506897
3950 9.31191444397
3938 9.4211101532
3938 9.35888290405
3938 9.97114181519
3937 9.6390247345
3921 9.42516326904
3921 9.36985015869
3921 9.44018363953
3897 14.0919685364
3897 9.59300994873
3888 9.4039440155
3888 9.60397720337
3885 9.42087173462
3864 9.61494445801
3864 9.46497917175
3864 12.8998756409
3864 11.7428302765
3864 9.78302955627
3858 9.4211101532
3858 9.61804389954
3858 9.48286056519
3858 9.45091247559
3806 9.73510742188
3806 9.4940662384
3769 9.76014137268
3757 9.437084198
3721 9.52887535095
3721 9.60087776184
3714 9.95302200317
3714 9.62996482849
3714 9.51910018921
3712 9.53507423401
3712 9.71007347107
3712 13.9780044556
3704 10.1008415222
3704 9.69791412354
3704 9.8021030426
3704 9.72390174866
3697 10.0049972534
3613 10.1580619812
3613 10.2531909943
3588 10.146856308
3584 10.4291439056
3567 10.0910663605
3544 10.2291107178
3532 9.82117652893
3520 9.81593132019
3520 10.9679698944
3496 10.0660324097
3495 10.0879669189
3495 9.88507270813
3481 10.155916214
3481 9.93084907532
3481 10.0111961365
3481 9.92298126221
3469 9.96613502502
3469 9.98210906982
3469 10.1590156555
3469 10.0378990173
3469 10.2100372314
3464 10.0400447845
3464 10.2050304413
3458 10.0591182709
3446 10.1320743561
3446 10.4930400848
3446 10.2441310883
3422 10.1270675659
3405 10.0679397583
3403 9.99903678894
3403 10.0789070129
3403 10.0820064545
3403 10.0739002228
3399 14.8110389709
3397 10.2570056915
3396 10.125875473
3396 10.1687908173
3359 10.2708339691
3359 10.7610225677
3348 10.3139877319
3348 10.2000236511
3335 10.302066803
3335 10.2169513702
3335 10.4811191559
3335 10.1699829102
3323 10.3120803833
3323 10.1881027222
3323 10.2968215942
3323 10.293006897
3323 10.3998184204
3323 10.1771354675
3282 10.2250576019
3273 10.2469921112
3273 10.4079246521
3262 10.5810165405
3262 10.7319355011
3262 10.3461742401
3262 10.56599617
3262 10.4517936707
3259 10.5359554291
3259 10.3890895844
3257 10.4088783264
3257 10.4200839996
3257 14.9269104004
3241 10.7290744781
3241 10.6120109558
3241 10.488986969
3241 10.5020999908
3241 10.4551315308
3221 10.4460716248
3221 10.4899406433
3221 10.4999542236
3221 10.5218887329
3218 10.840177536
3215 10.5180740356
3205 10.5459690094
3189 10.575056076
3184 10.6868743896
3184 10.60795784
3184 10.6649398804
3184 10.773897171
3184 10.6329917908
3184 10.6298923492
3184 10.8158588409
3184 10.782957077
3169 11.0809803009
3169 14.8019790649
3169 11.3470554352
3169 10.8420848846
3169 10.8079910278
3169 10.8680725098
3169 10.833978653
3169 10.8780860901
3169 10.9260082245
3168 10.6310844421
3168 10.6799602509
3154 10.7250213623
3154 10.8292102814
3154 10.7238292694
3154 10.675907135
3154 10.9510421753
3115 10.754108429
3113 10.7800960541
3102 10.8749866486
3102 10.843038559
3097 11.029958725
3097 11.0259056091
3097 10.8549594879
3033 10.8351707458
3033 10.941028595
3033 10.8089447021
3033 10.8258724213
3020 11.0189914703
3020 10.8630657196
3020 11.0521316528
3018 10.8690261841
3009 11.1010074615
3009 10.978937149
3007 11.6789340973
3000 11.4140510559
3000 11.018037796
3000 10.9989643097
3000 11.1830234528
3000 10.9920501709
3000 11.1989974976
3000 11.0449790955
3000 11.0700130463
2993 11.3098621368
2993 11.4140510559
2993 11.3751888275
2981 11.4591121674
2981 11.4269256592
2981 11.4130973816
2981 11.4150047302
2981 12.8128528595
2956 14.0149593353
2956 12.2301578522
2950 13.386964798
2950 14.1160488129
2950 11.9879245758
2950 14.2061710358
2939 11.7619037628
2939 11.559009552
2939 11.7590427399
2921 11.5718841553
2921 12.3929977417
2921 11.6600990295
2921 11.6019248962
2910 11.6519927979
2910 11.7790699005
2888 11.6770267487
2888 11.8479728699
2883 11.7750167847
2883 11.8899345398
2883 12.0658874512
2883 12.0871067047
2883 11.7840766907
2883 11.9540691376
2883 11.7409229279
2883 11.9769573212
2880 11.7561817169
2880 16.0899162292
2880 12.3751163483
2880 12.0160579681
2874 11.8279457092
2874 12.1109485626
2874 11.8129253387
2874 12.0320320129
2874 11.9910240173
2874 12.0131969452
2874 12.1519565582
2865 12.0911598206
2865 12.2728347778
2865 11.9640827179
2846 12.3159885406
2846 12.0041370392
2815 12.218952179
2810 11.8999481201
2810 11.8870735168
2810 11.9171142578
2810 12.1710300446
2810 12.0160579681
2810 12.1650695801
2810 11.9359493256
2810 11.9681358337
2810 11.9349956512
2810 11.910200119
2809 15.7968997955
2809 13.1349563599
2809 11.9948387146
2809 12.4161243439
2809 11.9571685791
2809 11.9979381561
2809 12.0451450348
2805 12.6049518585
2805 15.0549411774
2805 11.440038681
2805 11.4259719849
2805 11.4531517029
2805 11.9619369507
2801 11.7540359497
2801 14.2900943756
2801 12.9208564758
2801 11.559009552
2778 11.782169342
2778 11.5790367126
2762 11.607170105
2762 11.8157863617
2762 11.6949081421
2762 11.862039566
2762 11.7650032043
2762 11.7328166962
2762 11.7309093475
2743 12.2239589691
2743 11.8269920349
2743 11.8138790131
2743 11.8229389191
2720 11.8689537048
2713 11.7859840393
2713 11.8770599365
2713 12.7229690552
2711 13.8158798218
2700 11.8370056152
2700 11.8668079376
2700 11.8818283081
2681 11.9118690491
2681 11.8930339813
2678 11.9428634644
2678 11.9931697845
2678 11.9819641113
2676 11.9149684906
2676 11.9271278381
2676 11.9907855988
2676 11.971950531
2676 12.1119022369
2676 16.0398483276
2676 12.0370388031
2676 12.1119022369
2676 12.0861530304
2676 12.0470523834
2676 12.2349262238
2676 12.3889446259
2671 12.1190547943
2651 12.20703125
2651 12.186050415
2651 12.5951766968
2651 12.3879909515
2651 12.2179985046
2651 12.7339363098
2651 14.5709514618
2643 12.3400688171
2628 12.316942215
2628 12.3560428619
2628 12.5889778137
2628 12.5389099121
2628 12.4180316925
2626 12.463092804
2585 12.5451087952
2585 12.4051570892
2574 12.4418735504
2574 12.3388767242
2553 12.619972229
2553 12.5060081482
2511 12.6791000366
2511 12.510061264
2511 12.748003006
2511 12.4621391296
2505 12.6850605011
2491 12.9809379578
2491 12.4859809875
2491 12.580871582
2474 12.8171443939
2474 12.5749111176
2474 12.8450393677
2474 12.6428604126
2456 12.5708580017
2456 12.6128196716
2456 12.8479003906
2456 12.6321315765
2456 12.8629207611
2456 12.7539634705
2456 12.8800868988
2456 13.4091377258
2456 12.9718780518
2456 12.6798152924
2456 13.1151676178
2456 12.7079486847
2456 12.8879547119
2456 12.7301216125
2456 12.9868984222
2456 12.6948356628
2456 13.0031108856
2445 12.8490924835
2445 12.7980709076
2445 12.9659175873
2445 12.7949714661
2428 12.943983078
2420 12.8190517426
2409 12.8428936005
2409 12.8180980682
2404 12.8591060638
2401 12.8979682922
2401 12.8819942474
2401 12.9511356354
2398 12.9299163818
2398 12.9289627075
2398 12.9079818726
2398 17.872095108
2398 13.4718418121
2383 13.7758255005
2381 12.9041671753
2381 13.1239891052
2381 13.0949020386
2378 19.4761753082
2378 14.4491195679
2378 13.3759975433
2378 13.827085495
2373 13.1120681763
2373 13.2360458374
2373 16.205072403
2373 14.0409469604
2373 13.2899284363
2373 14.6369934082
2373 13.4499073029
2373 13.2038593292
2373 14.2068862915
2373 13.4391784668
2370 13.13996315
2358 15.6059265137
2358 15.7289505005
2351 14.9350166321
2337 16.8271064758
2317 13.3950710297
2313 13.3159160614
2313 15.1350498199
2313 15.1240825653
2313 16.7038440704
2304 13.9820575714
2304 18.3939933777
2304 14.0008926392
2304 13.2720470428
2304 13.2830142975
2300 13.279914856
2300 13.2467746735
2300 13.4770870209
2300 13.1840705872
2300 13.3879184723
2300 15.6059265137
2300 16.8697834015
2300 13.6778354645
2300 14.1460895538
2300 13.4871006012
2251 13.4007930756
2246 13.7391090393
2246 16.4721012115
2246 16.4558887482
2241 16.3850784302
2234 13.1919384003
2234 13.4360790253
2231 13.3240222931
2224 13.4768486023
2224 13.2358074188
2224 13.6377811432
2223 13.2579803467
2223 13.4599208832
2223 13.512134552
2223 17.3439979553
2223 15.9749984741
2223 14.1999721527
2223 14.2750740051
2213 14.2779350281
2213 13.9019489288
2213 13.8690471649
2213 13.8351917267
2213 14.5637989044
2213 15.340089798
2213 16.2808895111
2213 14.3671035767
2213 14.2469406128
2213 14.2321586609
2208 14.2579078674
2208 14.0662193298
2199 14.0969753265
2199 14.6272182465
2199 17.7490711212
2199 14.8060321808
2199 14.4150257111
2199 17.2119140625
2199 15.8522129059
2199 14.5199298859
2199 14.6288871765
2199 14.3599510193
2187 14.3091678619
2147 16.6609287262
2136 16.0179138184
2136 14.111995697
2136 14.5790576935
2136 14.4240856171
2136 14.6198272705
2136 16.5908336639
2136 16.2229537964
2136 14.4770145416
2136 14.6050453186
2124 14.2982006073
2124 14.6808624268
2112 17.2049999237
2098 17.608165741
2098 14.3749713898
2098 14.7948265076
2091 19.9630260468
2091 19.0920829773
2091 14.1878128052
2083 14.2590999603
2083 14.4031047821
2074 14.524936676
2071 14.4779682159
2071 14.4829750061
2071 14.3418312073
2071 14.2378807068
2069 14.1780376434
2069 14.3890380859
2069 21.9609737396
2069 24.7750282288
2069 17.2250270844
2069 16.6251659393
2069 16.6780948639
2059 17.3881053925
2059 15.4800415039
2059 16.1240100861
2059 15.8219337463
2059 16.1361694336
2059 16.1390304565
2059 15.9878730774
2041 16.1719322205
2041 16.4749622345
2035 16.2281990051
2035 15.7449245453
2035 15.3980255127
2035 16.0710811615
2035 15.3870582581
2035 15.5699253082
2035 15.7158374786
2035 15.7780647278
2035 15.7790184021
2035 15.8870220184
2035 15.5470371246
2035 16.489982605
2035 15.8441066742
2035 15.71393013
2035 15.6321525574
2035 15.8531665802
2035 15.5248641968
1989 15.8889293671
1989 15.9380435944
1989 15.7260894775
1989 15.9990787506
1989 15.8348083496
1978 15.4790878296
1978 15.6338214874
1978 16.1619186401
1976 15.9530639648
1969 15.6500339508
1969 16.2498950958
1969 16.3819789886
1969 15.7251358032
1969 16.3519382477
1969 16.3910388947
1969 16.2851810455
1969 16.2699222565
1969 16.1511898041
1969 15.8050060272
1969 16.1108970642
1969 15.958070755
1969 15.7499313354
1969 16.2599086761
1961 16.3578987122
1961 16.037940979
1954 16.1190032959
1954 15.7580375671
1954 16.1318778992
1954 16.261100769
1954 16.175031662
1954 16.8120861053
1944 16.3371562958
1944 16.5109634399
1944 15.9192085266
1935 15.6619548798
1935 15.5911445618
1935 16.8540477753
1922 16.8612003326
1922 15.2671337128
1918 15.566110611
1918 15.4731273651
1918 15.6719684601
1918 18.6619758606
1915 15.1460170746
1915 14.6968364716
1915 14.7998332977
1913 14.860868454
1894 15.0520801544
1894 14.8439407349
1884 19.8078155518
1884 14.9948596954
1884 14.9431228638
1879 14.8940086365
1879 15.0799751282
1879 14.899969101
1879 15.1181221008
1879 14.8658752441
1879 15.2378082275
1879 14.9910449982
1879 18.0850028992
1879 16.7560577393
1879 15.1391029358
1879 14.9598121643
1879 15.2220726013
1879 14.9269104004
1879 14.8940086365
1879 14.9240493774
1879 15.5200958252
1879 15.1669979095
1877 15.2280330658
1877 15.0380134583
1877 15.1498317719
1873 15.0988101959
1870 15.4910087585
1868 15.1350498199
1868 15.1290893555
1868 19.9720859528
1847 15.2759552002
1847 15.1879787445
1836 16.3958072662
1836 17.215013504
1836 15.5119895935
1836 15.4838562012
1836 16.3519382477
1836 15.4027938843
1836 15.3071880341
1834 15.340089798
1834 15.2819156647
1832 15.3799057007
1822 15.5267715454
1822 15.4621601105
1822 15.429019928
1822 15.5420303345
1818 15.5630111694
1818 16.487121582
1818 18.0971622467
1818 16.5269374847
1814 15.7721042633
1813 15.8989429474
1813 15.8231258392
1813 15.9678459167
1807 15.7098770142
1807 15.6447887421
1793 15.6848430634
1780 15.8040523529
1780 16.3922309875
1780 15.7599449158
1767 15.702009201
1767 15.830039978
1767 15.8319473267
1767 15.7370567322
1765 15.7940387726
1765 15.7380104065
1762 15.6490802765
1762 15.9618854523
1762 15.7990455627
1762 15.6810283661
1757 15.6970024109
1757 15.832901001
1757 15.8259868622
1747 16.1011219025
1747 16.5710449219
1747 15.7659053802
1740 15.8841609955
1740 16.1991119385
1735 16.0040855408
1735 16.1800384521
1735 16.1199569702
1735 15.8739089966
1735 15.9120559692
1735 19.9241638184
1728 16.1719322205
1728 16.1919593811
1728 16.1180496216
1728 15.8541202545
1728 16.2839889526
1728 16.0751342773
1722 15.9499645233
1722 16.1371231079
1722 16.0012245178
1709 16.2980556488
1709 16.0129070282
1706 16.352891922
1706 16.0369873047
1706 16.0191059113
1705 16.2019729614
1705 16.0698890686
1705 16.0059928894
1705 16.3140296936
1705 16.0391330719
1705 16.0551071167
1704 16.1180496216
1698 16.0899162292
1698 16.0808563232
1698 16.047000885
1692 16.1228179932
1692 16.8709754944
1692 16.459941864
1692 16.1039829254
1692 16.2010192871
1692 16.1848068237
1692 16.2179470062
1692 16.2119865417
1692 16.1859989166
1692 18.2840824127
1692 18.6200141907
1686 16.3259506226
1682 16.6838169098
1682 16.3068771362
1682 16.2479877472
1682 16.261100769
1679 16.5328979492
1679 16.3159370422
1673 16.5350437164
1673 16.2398815155
1673 16.5441036224
1673 16.5560245514
1673 16.2868499756
1660 16.624212265
1645 16.373872757
1645 16.7419910431
1645 16.4878368378
1643 16.6928768158
1633 16.4167881012
1633 16.6339874268
1633 16.3969993591
1633 16.5359973907
1633 16.4740085602
1633 16.5209770203
1629 16.4611339569
1629 16.4828300476
1627 18.651008606
1616 19.1280841827
1616 19.6800231934
1616 16.5328979492
1616 16.7949199677
1616 21.3689804077
1616 17.2669887543
1610 16.664981842
1610 16.8480873108
1610 16.539812088
1610 16.7980194092
1610 16.6840553284
1598 16.8240070343
1598 16.5140628815
1598 16.9479846954
1598 16.8499946594
1598 16.566991806
1598 16.5350437164
1598 16.5901184082
1598 16.8399810791
1598 16.900062561
1598 17.2469615936
1598 16.6640281677
1597 16.9448852539
1577 17.3649787903
1577 16.853094101
1577 16.7121887207
1577 16.7660713196
1577 16.8108940125
1577 16.7198181152
1577 16.8328285217
1577 16.8070793152
1577 16.7660713196
1574 16.8850421906
1570 16.9489383698
1570 16.8809890747
1570 17.1201229095
1570 16.9470310211
1570 16.8669223785
1570 17.0447826385
1570 21.2278366089
1565 17.2250270844
1565 16.8631076813
1565 18.049955368
1565 18.3441638947
1565 17.5321102142
1565 17.4930095673
1562 16.9620513916
1562 17.2021389008
1562 17.0459747314
1562 17.0090198517
1562 17.3161029816
1556 16.9498920441
1556 20.4288959503
1556 19.180059433
1556 17.1720981598
1556 17.1070098877
1556 17.128944397
1556 17.1089172363
1556 17.1208381653
1553 17.2078609467
1553 17.2049999237
1553 17.1670913696
1546 17.2460079193
1546 17.5058841705
1546 17.4200534821
1546 17.3020362854
1546 17.2009468079
1546 19.1330909729
1546 18.1758403778
1546 18.709897995
1544 19.4761753082
1544 18.9180374146
1544 17.205953598
1544 17.1132087708
1544 17.2100067139
1544 17.1880722046
1544 17.2159671783
1544 17.3439979553
1544 17.1539783478
1544 17.2619819641
1544 17.3599720001
1544 18.0361270905
1544 17.5771713257
1544 17.2219276428
1544 17.6591873169
1544 17.5302028656
1544 17.2579288483
1544 17.2348022461
1544 17.2970294952
1541 17.7400112152
1541 17.3559188843
1541 17.5740718842
1541 17.5709724426
1541 17.7340507507
1541 17.4479484558
1541 17.774105072
1541 17.4989700317
1541 17.4911022186
1541 17.5619125366
1538 17.7040100098
1538 17.590045929
1538 17.637014389
1538 18.6491012573
1538 17.7640914917
1534 17.9169178009
1534 17.9271697998
1534 22.4361419678
1534 17.9560184479
1534 17.7471637726
1534 22.803068161
1534 17.6918506622
1534 17.7421569824
1534 17.8389549255
1534 18.1431770325
1534 17.8020000458
1534 18.1050300598
1534 17.7540779114
1534 17.7969932556
1534 18.0411338806
1534 17.8868770599
1534 17.8718566895
1534 17.8439617157
1534 17.8520679474
1529 17.7819728851
1529 17.8859233856
1529 17.942905426
1529 17.8480148315
1494 18.031835556
1494 18.226146698
1494 22.6891040802
1494 17.8508758545
1494 17.9018974304
1494 18.1369781494
1494 18.2120800018
1483 17.9169178009
1483 17.914056778
1483 18.8200473785
1483 18.2750225067
1483 17.9359912872
1483 18.3548927307
1483 18.0571079254
1478 18.02110672
1470 18.0470943451
1467 18.2571411133
1467 18.2321071625
1462 18.3248519897
1462 18.3598995209
1462 18.3880329132
1462 18.5990333557
1462 18.4860229492
1462 18.7549591064
1462 18.4090137482
1462 18.4500217438
1462 18.4650421143
1462 18.8021659851
1456 18.5630321503
1456 18.7439918518
1456 18.404006958
1452 18.303155899
1452 18.3370113373
1452 18.8629627228
1452 18.3620452881
1452 20.1020240784
1452 23.010969162
1452 18.5599327087
1452 18.4359550476
1452 18.5449123383
1452 23.2830047607
1452 18.4988975525
1452 18.413066864
1452 18.4731483459
1452 18.4428691864
1452 18.406867981
1452 18.5708999634
1452 18.5639858246
1452 18.6328887939
1452 18.7191963196
1443 18.6679363251
1443 18.5720920563
1443 19.033908844
1441 19.2580223083
1437 21.7230319977
1437 18.504858017
1429 18.6679363251
1429 18.8930034637
1429 18.6138153076
1429 18.9619064331
1429 18.6319351196
1421 21.332025528
1421 19.8738574982
1421 23.1058597565
1421 18.9168453217
1421 22.5901603699
1421 19.0649032593
1421 18.5790061951
1421 23.4508514404
1421 18.7971591949
1421 18.6409950256
1421 18.6049938202
1421 18.7048912048
1421 22.1679210663
1421 19.2320346832
1421 18.7799930573
1421 18.8400745392
1421 21.8729972839
1421 20.8048820496
1421 18.8291072845
1421 18.9700126648
1421 19.0269947052
1421 18.9139842987
1421 18.9731121063
1421 19.0949440002
1421 19.033908844
1421 19.0010070801
1421 19.1850662231
1421 19.0839767456
1420 19.0420150757
1416 22.4039554596
1416 20.5481052399
1416 19.1550254822
1416 19.4239616394
1416 19.2739963531
1416 19.0939903259
1416 19.1140174866
1416 19.082069397
1416 23.9131450653
1416 19.3078517914
1416 19.0870761871
1416 19.1559791565
1416 19.5529460907
1416 19.2048549652
1414 19.4540023804
1413 19.2499160767
1413 19.1879272461
1413 19.3910598755
1413 19.0970897675
1413 19.1631317139
1413 19.0758705139
1413 19.1791057587
1413 19.1509723663
1413 19.8950767517
1413 19.1459655762
1413 19.2270278931
1413 19.1671848297
1413 19.1960334778
1413 19.6378231049
1386 19.4230079651
1386 19.2010402679
1386 19.2189216614
1386 23.7078666687
1386 19.3412303925
1386 19.2489624023
1377 19.3610191345
1377 19.2949771881
1377 19.2251205444
1377 19.2770957947
1377 19.3450450897
1377 19.387960434
1377 19.3560123444
1377 19.6368694305
1353 19.3948745728
1353 19.7951793671
1353 19.4149017334
1353 19.6378231049
1353 19.5088386536
1353 19.5508003235
1353 19.4389820099
1353 19.4568634033
1352 19.415140152
1352 20.0119018555
1352 19.5469856262
1352 19.7620391846
1352 19.5069313049
1352 19.5560455322
1352 19.6130275726
1351 19.9418067932
1351 19.7198390961
1351 19.9029445648
1351 19.9549198151
1351 19.7110176086
1351 19.7219848633
1351 19.8121070862
1347 20.1969146729
1347 19.7508335114
1343 19.7949409485
1343 19.8631286621
1327 19.8559761047
1327 20.0870037079
1327 19.8321342468
1327 20.1060771942
1327 19.9570655823
1327 20.5359458923
1327 19.7560787201
1327 19.7260379791
1327 19.7582244873
1327 19.8729038239
1327 24.2891311646
1327 20.6320285797
1327 20.6918716431
1327 20.3640460968
1327 20.7810401917
1327 21.665096283
1327 24.6469974518
