458 0.694990158081
440 0.689029693604
440 0.70595741272
413 0.722885131836
413 0.710964202881
395 0.746011734009
373 0.740051269531
354 0.75101852417
354 0.757932662964
352 0.773906707764
350 0.794172286987
342 0.814199447632
342 0.823974609375
342 0.824213027954
336 0.824928283691
315 0.998020172119
315 0.963926315308
315 0.935077667236
315 0.934839248657
307 1.09481811523
303 0.871181488037
303 0.892877578735
303 0.887155532837
280 0.913143157959
280 0.901937484741
261 0.938892364502
261 0.939846038818
261 0.939130783081
260 0.942945480347
260 0.977993011475
260 0.978946685791
260 0.976085662842
259 1.02305412292
259 0.984907150269
259 0.986099243164
259 0.977993011475
259 1.01494789124
250 1.04308128357
250 1.03497505188
250 1.05714797974
248 0.999927520752
239 0.998020172119
239 1.00803375244
239 1.01518630981
239 1.01518630981
239 1.01709365845
239 1.03187561035
239 1.03497505188
239 1.04308128357
239 1.0461807251
239 1.05810165405
237 1.08003616333
237 1.18899345398
237 1.09100341797
237 1.08289718628
237 1.10006332397
229 1.08098983765
206 1.0769367218
206 1.09100341797
206 1.10983848572
206 1.12700462341
206 1.12795829773
206 1.12986564636
206 1.14512443542
197 1.16205215454
197 1.16205215454
196 1.19090080261
196 1.19519233704
196 1.22499465942
196 1.22284889221
196 1.23405456543
196 1.22094154358
196 1.25408172607
196 1.25193595886
196 1.25598907471
196 1.26600265503
188 1.25694274902
188 1.26218795776
188 1.27220153809
188 1.27100944519
188 1.26791000366
188 1.27792358398
188 1.28889083862
188 1.28698348999
183 1.30391120911
183 1.32298469543
183 1.32203102112
183 1.30701065063
162 1.32298469543
162 1.32417678833
160 1.34706497192
160 1.34611129761
160 1.37305259705
160 1.40380859375
160 1.39904022217
160 1.4181137085
160 1.43003463745
160 1.43909454346
156 1.38282775879
156 1.39117240906
156 1.41310691833
156 1.38807296753
156 1.39594078064
156 1.42383575439
156 1.42407417297
156 1.40905380249
156 1.41382217407
156 1.46102905273
156 1.44100189209
156 1.47604942322
156 1.44910812378
156 1.45983695984
156 1.46794319153
156 1.47390365601
152 1.54709815979
152 1.55401229858
152 1.55997276306
152 1.58190727234
152 1.59215927124
152 1.59788131714
152 1.60694122314
152 1.60884857178
152 1.62410736084
152 1.63197517395
149 1.68323516846
149 1.68013572693
149 1.68204307556
149 1.70397758484
147 1.63102149963
147 1.62386894226
147 1.63006782532
147 1.629114151
147 1.64794921875
147 1.6782283783
147 1.64604187012
147 1.65104866028
147 1.64389610291
140 1.66702270508
140 1.65200233459
140 1.64985656738
127 1.67798995972
127 1.65796279907
127 1.66511535645
127 1.69610977173
127 1.71589851379
127 1.64580345154
127 1.65796279907
125 1.68609619141
125 1.71709060669
123 1.66010856628
123 1.72185897827
123 1.69610977173
123 1.83486938477
123 1.75595283508
116 1.73687934875
116 1.74808502197
114 1.7831325531
114 1.82104110718
114 1.79409980774
114 1.81078910828
114 1.85704231262
114 1.85298919678
114 1.83796882629
114 1.83391571045
114 1.84607505798
114 1.85084342957
114 1.89614295959
114 1.89805030823
114 1.8949508667
114 1.90806388855
114 1.92999839783
114 1.92499160767
114 1.83391571045
114 1.83892250061
114 1.87206268311
114 1.86395645142
114 1.88708305359
114 1.91903114319
114 1.91593170166
114 1.9359588623
114 1.93309783936
114 1.93500518799
114 1.93500518799
114 1.93309783936
114 1.92785263062
114 1.93095207214
107 1.94406509399
107 1.94096565247
107 1.94501876831
107 1.94501876831
107 1.99699401855
107 1.96290016174
100 2.00295448303
100 2.00200080872
100 2.01201438904
100 2.01106071472
100 2.02894210815
100 2.02512741089
97 2.05993652344
97 2.07304954529
97 2.0740032196
97 2.09498405457
97 2.09593772888
97 2.11191177368
97 2.112865448
96 2.07996368408
96 2.05993652344
96 2.121925354
96 2.09784507751
96 2.04920768738
96 2.112865448
96 2.11405754089
96 2.06303596497
96 2.12001800537
96 2.12097167969
96 2.08806991577
95 2.0489692688
95 2.07996368408
95 2.04920768738
95 2.05397605896
95 2.06112861633
95 2.05898284912
95 2.10690498352
95 2.08878517151
95 2.08592414856
95 2.09593772888
91 2.12597846985
91 2.12597846985
87 2.17485427856
87 2.19106674194
87 2.21395492554
87 2.2509098053
87 2.24280357361
87 2.25806236267
87 2.2439956665
87 2.25615501404
87 2.24304199219
87 2.30693817139
87 2.28810310364
87 2.34818458557
87 2.30312347412
87 2.33101844788
86 2.49218940735
86 2.38680839539
86 2.39491462708
82 2.43210792542
80 2.42900848389
80 2.42590904236
80 2.4209022522
80 2.41708755493
80 2.42614746094
80 2.42209434509
80 2.42304801941
80 2.43020057678
80 2.44498252869
80 2.44903564453
80 2.45308876038
80 2.44402885437
80 2.47597694397
80 2.4778842926
80 2.49004364014
80 2.44402885437
76 2.53915786743
76 2.54106521606
76 2.53987312317
76 2.50506401062
76 2.49814987183
76 2.52199172974
76 2.60996818542
76 2.52985954285
76 2.49290466309
76 2.49290466309
76 2.53701210022
76 2.4881362915
76 2.49409675598
76 2.48312950134
75 2.49695777893
75 2.54392623901
75 2.51317024231
75 2.57086753845
75 2.52389907837
75 2.56609916687
75 2.56299972534
75 2.56299972534
75 2.56204605103
75 2.56609916687
75 2.56514549255
75 2.55608558655
75 2.56299972534
75 2.52103805542
75 2.53820419312
75 2.52795219421
75 2.53820419312
72 2.60496139526
72 2.55489349365
72 2.57420539856
72 2.56395339966
72 2.78806686401
72 2.58708000183
72 2.57897377014
72 2.64406204224
72 2.64620780945
72 2.60996818542
72 2.60019302368
72 2.61306762695
72 2.61306762695
72 2.61092185974
72 2.6171207428
72 2.63595581055
72 2.61783599854
72 2.64286994934
72 2.70509719849
72 2.64501571655
72 2.65192985535
70 2.7220249176
70 2.73895263672
70 2.72703170776
70 2.72011756897
70 2.72703170776
70 2.69198417664
70 2.72798538208
70 2.6798248291
70 2.68793106079
70 2.70819664001
70 2.68197059631
70 2.68197059631
70 2.71081924438
70 2.69412994385
70 2.70104408264
70 2.71916389465
70 2.77900695801
70 2.71606445312
70 2.75087356567
70 2.79116630554
70 2.78997421265
70 2.78902053833
70 2.84004211426
70 2.74395942688
70 2.80594825745
70 2.8030872345
70 2.76398658752
70 2.76207923889
70 2.77590751648
70 2.76899337769
70 2.72488594055
70 2.73084640503
70 2.79092788696
70 2.7449131012
70 2.77400016785
70 2.76684761047
70 2.75993347168
70 2.76303291321
70 2.75993347168
70 2.75897979736
70 2.78186798096
70 2.79307365417
70 2.79712677002
70 2.7871131897
70 2.79879570007
70 2.7859210968
68 2.77614593506
68 2.81500816345
68 2.77996063232
68 2.82096862793
68 2.84481048584
68 2.79188156128
68 2.82192230225
68 2.88009643555
68 2.87389755249
68 2.82502174377
68 2.89106369019
68 2.82907485962
68 2.84600257874
68 2.8669834137
68 2.88414955139
68 2.88605690002
68 2.82883644104
68 2.88891792297
68 2.8600692749
68 2.85506248474
68 3.00598144531
68 2.88701057434
68 2.86388397217
68 2.89797782898
68 2.88796424866
68 2.88391113281
68 2.88796424866
68 2.98094749451
68 2.9890537262
68 2.91395187378
68 2.9239654541
68 2.91895866394
68 2.93302536011
68 2.93493270874
68 2.93588638306
68 2.9571056366
68 3.01098823547
68 2.95400619507
68 2.94899940491
68 2.94613838196
68 3.07202339172
68 3.02481651306
68 2.97904014587
68 3.00407409668
68 3.10087203979
68 3.10206413269
68 3.10897827148
68 3.09801101685
68 3.10087203979
68 3.0369758606
68 3.11708450317
68 3.12614440918
68 3.10397148132
68 3.14712524414
68 3.14712524414
68 3.21221351624
68 3.17287445068
68 3.14903259277
68 3.14283370972
68 3.14903259277
68 3.13901901245
68 3.1590461731
68 3.17406654358
68 3.24296951294
68 3.23700904846
68 3.27777862549
68 3.21507453918
68 3.1909942627
68 3.18598747253
68 3.18288803101
68 3.18789482117
68 3.25703620911
68 3.19480895996
68 3.19600105286
68 3.19600105286
68 3.20506095886
68 3.28087806702
68 3.32188606262
68 3.23700904846
68 3.28302383423
68 3.28898429871
68 3.33118438721
68 3.69811058044
68 3.60608100891
68 3.27014923096
68 3.30400466919
68 3.26800346375
68 3.36813926697
68 3.24892997742
68 3.27301025391
68 3.25989723206
68 3.27682495117
68 3.30400466919
68 3.30018997192
68 3.30710411072
68 3.30400466919
68 3.34811210632
68 3.32593917847
66 3.35788726807
66 3.35621833801
66 3.37314605713
66 3.42917442322
66 3.36194038391
65 3.47113609314
65 3.42583656311
65 3.42392921448
65 3.42702865601
65 3.42702865601
65 3.42607498169
65 3.41987609863
65 3.51786613464
65 3.43799591064
65 3.43704223633
65 3.4441947937
65 3.43990325928
65 3.43322753906
65 3.46994400024
65 3.48591804504
65 3.47089767456
65 3.45897674561
65 3.46398353577
65 3.47304344177
65 3.47995758057
65 3.47900390625
65 3.47590446472
65 3.48782539368
65 3.48901748657
65 3.48496437073
65 3.49092483521
65 3.48091125488
65 3.49593162537
65 3.49593162537
65 3.49402427673
65 3.5548210144
65 3.50594520569
65 3.49807739258
65 3.50689888
65 3.53908538818
65 3.58510017395
65 3.58510017395
65 3.53598594666
65 3.31997871399
65 3.40509414673
65 3.4019947052
65 4.56500053406
65 3.76892089844
64 3.88813018799
64 3.65996360779
64 3.52382659912
64 3.62706184387
64 3.69501113892
64 3.6301612854
64 3.45802307129
64 3.46994400024
64 3.4499168396
64 3.50403785706
64 3.47995758057
64 3.50594520569
64 3.48806381226
64 3.50117683411
64 3.49187850952
64 3.48496437073
64 3.49283218384
64 3.4921169281
63 3.39388847351
63 3.41320037842
63 3.40604782104
62 3.42893600464
62 3.44610214233
62 3.47518920898
62 3.43108177185
62 3.45206260681
62 3.43203544617
62 3.44586372375
62 3.45206260681
62 3.53503227234
62 3.60989570618
62 4.78005409241
62 3.97396087646
62 3.67403030396
61 3.64303588867
61 3.63707542419
61 3.99208068848
61 4.01616096497
61 3.6609172821
61 3.65900993347
61 3.56793403625
61 3.65996360779
61 3.57389450073
61 3.60798835754
61 3.67498397827
61 3.63397598267
61 3.55195999146
61 3.63206863403
61 3.52883338928
61 5.06591796875
61 4.38904762268
61 3.58986854553
61 3.47900390625
61 3.47185134888
61 3.46994400024
61 3.55291366577
61 3.58414649963
61 3.53503227234
61 3.55219841003
61 3.52787971497
61 3.62086296082
61 3.57413291931
61 3.56292724609
61 3.63612174988
61 3.67307662964
61 3.7100315094
61 3.65209579468
61 3.7899017334
61 3.76605987549
61 3.76296043396
61 3.7989616394
61 3.70383262634
61 3.77011299133
61 3.75699996948
61 3.7670135498
61 3.79610061646
61 3.69620323181
61 3.73482704163
60 3.81898880005
60 3.83591651917
60 3.74102592468
60 3.71599197388
60 3.70287895203
60 3.79490852356
60 3.76892089844
60 3.72886657715
60 3.81898880005
60 3.8149356842
60 3.74484062195
60 3.91912460327
60 3.81898880005
60 3.78203392029
60 3.88312339783
60 3.85403633118
60 3.89695167542
60 3.95011901855
60 4.66895103455
60 4.075050354
60 3.80492210388
60 3.90601158142
60 5.34105300903
60 5.08999824524
60 4.1868686676
60 3.80301475525
60 3.80301475525
60 3.76391410828
60 3.76081466675
60 3.86381149292
60 4.17518615723
59 3.77893447876
59 5.25784492493
59 4.50301170349
59 3.76892089844
59 3.75986099243
58 3.6358833313
58 3.497838974
58 3.51595878601
58 3.51619720459
58 3.56507301331
58 3.57604026794
58 3.57604026794
58 3.56984138489
58 3.5719871521
58 3.61895561218
58 3.57484817505
58 3.56602668762
58 3.56388092041
58 3.5560131073
58 3.6199092865
58 3.5879611969
58 3.65400314331
58 3.56817245483
58 3.58510017395
58 3.71193885803
57 3.71289253235
57 3.64995002747
57 3.66306304932
57 3.68094444275
57 3.69906425476
57 3.64780426025
57 3.65090370178
57 3.65591049194
57 3.6928653717
57 3.65304946899
57 3.65996360779
57 3.65710258484
57 3.6518573761
57 3.741979599
57 3.66401672363
57 3.68714332581
57 3.6609172821
57 3.67283821106
57 3.70717048645
57 3.76391410828
57 3.70001792908
57 3.67999076843
57 3.69095802307
57 3.9439201355
57 3.72385978699
57 3.68189811707
57 3.69787216187
57 3.68595123291
57 3.70907783508
57 3.70311737061
57 3.76296043396
57 3.69191169739
57 3.77202033997
55 3.78704071045
55 3.78084182739
55 3.72695922852
55 3.77511978149
55 3.73697280884
54 3.80516052246
54 3.80396842957
54 3.79681587219
54 3.78203392029
54 3.82399559021
54 3.8890838623
54 3.80396842957
54 3.88288497925
54 3.88097763062
54 3.83186340332
54 3.81398200989
54 3.82494926453
54 3.82280349731
54 3.83305549622
54 3.81183624268
54 3.82399559021
54 3.81994247437
54 3.83806228638
54 3.90100479126
54 3.89885902405
54 3.93104553223
54 3.89790534973
54 3.82494926453
54 3.87501716614
54 3.91292572021
54 3.93795967102
54 3.94415855408
54 3.86500358582
54 3.85689735413
54 3.92079353333
54 3.92603874207
54 4.02307510376
54 3.85689735413
54 3.85284423828
54 3.85904312134
54 6.31999969482
53 5.57804107666
53 4.46391105652
53 3.8948059082
53 3.93009185791
53 3.89814376831
53 3.89313697815
53 3.9370059967
53 4.25696372986
53 4.22215461731
53 3.8890838623
53 3.8959980011
53 3.88288497925
53 3.89790534973
53 3.89385223389
53 3.89695167542
53 4.01091575623
53 3.91697883606
53 3.93009185791
53 3.91912460327
53 3.91983985901
53 3.92699241638
53 3.93795967102
53 3.92389297485
53 3.94487380981
53 3.92603874207
53 4.31704521179
53 4.11510467529
53 4.02402877808
53 4.01496887207
53 4.02092933655
53 3.94511222839
53 4.02498245239
53 3.94606590271
51 3.95679473877
51 3.93795967102
51 3.95512580872
51 3.94296646118
51 3.95107269287
51 3.94988059998
51 3.96585464478
51 4.07600402832
51 4.0168762207
51 3.99804115295
51 4.0237903595
51 4.24599647522
51 7.07507133484
51 5.21898269653
51 4.23908233643
51 4.00400161743
51 4.01210784912
51 4.07409667969
51 4.09984588623
51 4.03881072998
51 4.03499603271
51 4.03189659119
51 4.02092933655
51 4.03618812561
51 4.03308868408
51 4.03213500977
51 4.04381752014
51 4.0328502655
51 4.04787063599
51 4.02307510376
51 4.04596328735
51 4.02808189392
51 4.08601760864
51 4.05979156494
51 4.13799285889
51 4.05097007751
51 4.1401386261
51 4.04691696167
51 4.13513183594
51 4.12607192993
51 4.04596328735
51 4.12797927856
51 4.05097007751
51 4.065990448
51 4.09197807312
51 4.09913063049
51 4.18281555176
51 4.08101081848
51 4.08601760864
51 4.07099723816
51 4.08506393433
51 4.11319732666
51 4.08887863159
51 6.51597976685
51 5.88917732239
51 4.72187995911
51 4.08411026001
51 4.15706634521
51 4.09483909607
51 4.08101081848
51 4.0910243988
51 4.0819644928
51 4.09507751465
51 4.07695770264
51 4.15802001953
51 4.13393974304
51 4.2188167572
51 4.15205955505
51 4.14896011353
51 4.14896011353
51 4.19616699219
51 4.20498847961
51 4.19282913208
51 4.19998168945
51 4.19878959656
51 4.20498847961
51 4.31799888611
51 4.29105758667
51 4.31895256042
51 4.2040348053
51 4.21285629272
51 4.29701805115
51 4.16922569275
51 4.17304039001
51 4.1880607605
51 4.18996810913
51 4.18996810913
51 6.9100856781
51 5.78689575195
51 4.62913513184
51 4.66704368591
51 4.4059753418
51 4.20212745667
51 4.28318977356
51 4.28819656372
51 4.19998168945
51 4.16779518127
51 4.15205955505
51 4.16707992554
50 4.16088104248
50 4.20999526978
50 4.19902801514
49 4.03690338135
49 4.14395332336
49 4.075050354
49 4.10103797913
49 4.09197807312
49 4.08911705017
49 4.08697128296
49 4.10103797913
49 4.0910243988
49 4.22811508179
49 4.11486625671
49 4.11891937256
49 4.10604476929
49 4.12106513977
49 4.11009788513
49 4.16612625122
49 4.10199165344
49 4.12201881409
48 4.32109832764
48 4.34279441833
48 4.32395935059
48 4.30917739868
48 4.32801246643
48 4.30297851562
47 4.4150352478
47 4.38117980957
47 4.36305999756
47 4.3888092041
47 4.37903404236
47 4.3671131134
47 4.37712669373
47 4.38690185547
47 4.36592102051
47 4.44984436035
47 4.45795059204
47 4.40096855164
47 4.3671131134
47 4.38284873962
47 4.38094139099
47 4.40502166748
47 4.39596176147
47 4.40216064453
47 4.45008277893
47 4.40406799316
47 4.38690185547
47 4.46391105652
47 4.41098213196
47 4.38904762268
47 4.41122055054
47 4.48799133301
47 4.40406799316
47 4.38189506531
47 4.42099571228
47 4.4059753418
47 4.53495979309
47 4.6079158783
47 4.51803207397
47 4.61411476135
46 4.66704368591
46 4.44412231445
46 4.53114509583
46 4.45008277893
46 4.48203086853
46 4.44984436035
46 4.44388389587
46 4.45795059204
46 4.5599937439
46 4.49299812317
46 4.49109077454
46 4.52899932861
46 4.4949054718
46 4.48608398438
46 4.57096099854
46 4.56404685974
46 4.56786155701
46 4.56595420837
46 4.57692146301
46 4.56190109253
46 4.57191467285
46 4.5018196106
46 4.5919418335
46 4.55808639526
46 4.55689430237
46 4.56595420837
46 4.4960975647
46 4.48107719421
46 4.49204444885
46 4.46820259094
46 4.47487831116
46 4.60910797119
46 4.53305244446
46 4.46915626526
46 4.47106361389
46 4.47511672974
46 4.48894500732
46 4.31895256042
44 4.52589988708
42 4.89211082458
39 4.41288948059
39 4.39500808716
39 4.38094139099
39 4.33397293091
39 4.33707237244
39 4.32586669922
39 4.32991981506
39 4.33421134949
39 4.33492660522
37 4.37712669373
37 4.38499450684
37 4.38117980957
37 4.38714027405
37 4.37808036804
37 4.37903404236
37 4.37903404236
37 4.37617301941
37 4.36401367188
37 4.37998771667
37 4.36806678772
37 4.37998771667
37 4.35996055603
37 4.3740272522
37 4.41288948059
37 4.37688827515
37 4.45699691772
37 4.41884994507
37 4.42004203796
37 4.42600250244
37 4.4538974762
37 4.45604324341
37 4.48203086853
37 4.4469833374
37 4.45103645325
37 4.5280456543
37 4.5280456543
37 4.53186035156
37 4.52589988708
37 4.52899932861
37 4.52399253845
37 4.53090667725
37 4.51803207397
37 4.5268535614
37 4.52995300293
37 4.52899932861
37 4.52589988708
37 4.43601608276
37 4.36806678772
37 4.47988510132
37 4.36496734619
37 4.36186790466
37 4.37617301941
37 4.40192222595
37 4.37498092651
