595477 12058.8800907
595477 12223.6931324
595477 12112.3249531
595475 12205.2149773
595475 12227.6699543
595473 12384.8030567
595471 12136.384964
595429 12209.9578381
595429 12155.3649902
595397 11999.049902
595391 12146.089077
595388 12195.5699921
595381 12094.0361023
595381 12185.0230694
595378 12296.0879803
595375 12231.1820984
595375 12166.7039394
595375 12261.3720894
595372 12228.1470299
595356 12202.8739452
595356 12135.3871822
595309 12195.8239079
595309 12283.2610607
595282 12288.8889313
595282 12141.4821148
595236 12147.4368572
595230 12194.578886
595230 12114.9570942
595212 12184.1840744
595212 12119.9729443
595212 12367.5332069
595211 12200.2980709
595208 12112.9939556
595205 12296.1111069
595205 12288.1221771
595181 12242.3760891
595162 12159.265995
595155 12109.07197
595155 12181.7979813
595130 12279.5319557
595087 12161.8559361
595054 12120.9139824
595054 12133.9120865
594981 12249.3450642
594981 12152.5130272
594955 12174.0250587
594946 12173.4211445
594941 12275.7749557
594852 12192.2798157
594852 12175.8041382
594835 12118.885994
594771 12114.8281097
594771 12180.1190376
594759 12293.7121391
594719 12148.6520767
594718 12293.0459976
594713 12172.6419926
594693 12278.6390781
594669 12166.8801308
594669 12147.7389336
594667 12159.4078541
594642 12181.7619801
594642 12156.9149494
594632 12228.0650139
594632 12224.4021893
594554 12187.2708797
594553 12090.1441574
594553 12206.2849998
594553 12216.0320282
594553 12151.1819363
594553 12090.1319981
594553 12095.184803
594552 12189.702034
594552 12301.3999462
594546 12165.1890278
594546 12137.9830837
594484 12277.1861553
594484 12173.6009121
594484 12160.5260372
594484 12169.9340343
594423 12282.5901508
594423 12155.9240818
594396 12127.8128624
594396 12132.9641342
594396 12144.5980072
594346 12166.6491032
594318 12178.1690121
594318 12204.5910358
594318 12143.5558796
594277 12236.2110615
594252 12123.0170727
594252 12167.9608822
594252 12177.0398617
594252 12274.2478848
594231 12157.8772068
594196 12310.4679585
594196 12057.9659939
594168 12252.1460056
594167 12283.0469608
594132 12190.6681061
594132 12140.7051086
594118 12103.605032
594053 12214.6348953
594046 12209.8591328
594046 12333.35495
594036 12295.0730324
594034 12202.8729916
594024 12128.5998821
594024 12103.482008
594024 12312.1910095
594010 12152.5700092
593971 12150.7329941
593971 12199.17202
593946 12327.1949291
593927 12332.8270912
593927 12085.916996
593915 12220.2858925
593913 12122.2980022
593884 12179.8579693
593884 12148.3910084
593884 12082.8568935
593884 12071.5460777
593884 12360.9120846
593869 12284.6000195
593858 12222.837925
593858 12042.0820713
593815 12211.2829685
593815 12216.5198326
593808 12221.6999531
593796 12220.4840183
593753 12213.9949799
593705 12265.5310631
593665 12267.8980827
593653 12171.0841656
593653 12117.1739101
593596 12224.7970104
593596 12290.6050682
593585 12108.1120968
593585 12088.1769657
593559 12230.782032
593545 12200.1481056
593545 12190.5069351
593545 12142.2278881
593512 12235.9390259
593512 12058.2361221
593506 11914.1440392
593506 11339.0910625
593506 11211.4329338
593493 11072.3719597
593492 11256.4809322
593492 11024.7030258
593439 11732.7539921
593404 11807.0430756
593388 11015.1500702
593388 10965.0299549
593388 11026.8950462
593388 10962.250948
593360 10990.5569553
593323 11100.6650925
593277 10990.2420044
593260 10975.1799107
593233 10955.9378624
593233 10983.0877781
593233 11157.3240757
593233 10971.5340137
593233 10992.3090935
593193 10960.999012
593147 10906.8179131
593136 10973.8349915
593125 11126.9099712
593125 10967.2658443
593114 10980.6439877
593108 10925.9939194
593099 10928.9889336
593071 11112.9999161
593071 10980.2341461
593071 10949.2208958
593026 10940.048933
593013 10941.9021606
593011 11008.6419582
592997 11119.2309856
592997 10946.3272095
592997 10987.3828888
592997 10931.153059
592984 10964.1690254
592984 11105.1678658
592984 10974.3411541
592984 10971.9350338
592976 10949.3811131
592968 10978.3461094
592951 11112.1988297
592942 11009.3491077
592932 10951.5490532
592874 11019.767046
592874 10978.2528877
592874 10973.4649658
592856 11096.0879326
592810 10979.2571068
592773 10979.8381329
592746 10933.6569309
592746 10941.9939518
592746 11164.867878
592720 10960.8910084
592698 10993.6070442
592698 10981.6319942
592660 10969.7492123
592651 11062.076807
592651 12021.3260651
592606 12342.1719074
592606 12186.0289574
592606 12221.1279869
592603 12207.2608471
592603 12252.9039383
592603 12256.3228607
592558 12240.2479649
592558 12166.8980122
592527 12215.3010368
592521 12241.7168617
592504 12232.1038246
592504 12182.3909283
592495 12237.7858162
592460 12243.4458733
592439 12279.0560722
592388 12220.8659649
592334 12193.3119297
592334 12203.7591934
592334 12219.3551064
592334 12255.3870678
592322 12258.2731247
592322 12179.2538166
592322 12218.3830738
592322 12262.6748085
592322 12128.6299229
592288 12311.3670349
592241 12191.3790703
592241 12264.0028
592176 12212.1150494
592176 12248.2450008
592176 12187.9980564
592147 12257.6620579
592147 12261.6510391
592086 12346.1928368
592058 12076.8048763
592058 12149.766922
592058 12145.9691525
592006 12256.4918995
591958 12302.2260666
591947 12277.518034
591930 12228.4169197
591914 12299.8139858
591914 12219.1519737
591894 12214.5419121
591852 12199.5298862
591852 12262.8629208
591848 12200.9949684
591792 12268.611908
591792 12316.8051243
591768 12312.0901585
591746 12310.0919724
591746 12175.9879589
591735 12221.3850021
591724 12251.4688969
591724 12298.6061573
591724 12216.11619
591708 12221.282959
591695 12230.7479382
591695 12250.8518696
591666 12331.2301636
591659 12169.7890759
591659 12164.7129059
591659 12303.650856
591659 12215.1119709
591650 12204.2160034
591595 12157.5670242
591595 12186.2900257
591576 12298.8789082
591558 12153.2838345
591533 12242.9740429
591533 12125.715971
591514 12269.3669796
591514 12254.0221214
591514 12211.1260891
591514 12244.2359924
591514 12196.762085
591514 12270.5690861
591514 12298.156023
591465 12143.7060833
591457 12421.6849804
591457 12204.7159672
591442 12252.477169
591387 12264.097929
591311 12181.1368465
591311 12188.2359982
591311 12214.7212029
591310 12305.6800365
591310 12320.2559948
591310 12235.7499599
591310 12163.8858318
591290 12198.567152
591290 12144.3059444
591288 12235.7189655
591284 12170.4900265
591284 12183.521986
591277 12157.3209763
591277 12263.614893
591277 12272.1707821
591277 12276.3590813
591275 12228.6651134
591275 12246.7799187
591275 12249.4580746
591275 12191.6699409
591247 12238.8520241
591247 12258.3191395
591179 12260.9848976
591169 12147.2210884
591169 12201.2989521
591151 12304.3630123
591089 12204.4448853
591003 12155.7631493
591003 12249.270916
591003 12213.7019634
590992 12216.4800167
590974 12162.9290581
590921 12223.938942
590911 12218.3320522
590911 12278.6588669
590911 12178.894043
590898 12188.8098717
590898 12125.9040833
590898 12378.5409927
590847 12240.2749062
590847 12144.9019909
590788 12136.4560127
590788 12350.3170013
590779 12313.7640953
590754 12205.4951191
590754 12188.0710125
590754 12173.666954
590734 12287.607193
590734 12308.2389832
590706 12175.6379604
590706 12165.6069756
590706 12251.6839504
590706 12201.1590004
590700 12232.7339649
590700 12063.0838871
590684 12261.2669468
590680 12191.9410229
590680 12250.4189014
590679 12208.4269524
590679 12171.5140343
590632 12225.9819508
590600 12208.6338997
590590 12174.2899418
590577 12369.4188595
590572 12242.2120571
590572 12270.5640793
590572 12222.3849297
590534 12263.2598877
590522 12245.2731133
590522 12269.3538666
590522 12213.1869793
590514 12218.7809944
590514 12229.1228771
590468 12161.6930962
590451 12343.4450626
590451 12179.2929173
590451 12212.1880054
590419 12188.7671947
590397 12220.9260464
590387 12196.9749928
590331 12233.1140041
590290 12160.3040695
590290 12269.452095
590290 12300.2688885
590290 12290.8980846
590290 12165.8449173
590290 12180.2399158
590290 12171.4198589
590290 12299.4730473
590290 12204.4849396
590290 12192.814827
590271 12094.6090221
590271 12333.6448669
590255 12146.5661526
590173 12208.3890438
590160 12184.1678619
590149 12226.0479927
590134 12282.5679779
590120 12162.1551514
590120 12275.8741379
590120 12323.0519295
590115 12295.6750393
590115 12198.1160641
590115 12278.386116
590115 12214.9400711
590105 12251.6770363
590082 12283.4711075
590082 12354.6140194
590082 12151.3450146
590082 12283.354044
590053 12283.9958668
590022 12209.8250389
589966 12200.0758648
589966 12181.0281277
589932 12321.5329647
589929 12145.6279755
589907 12240.432024
589907 12144.9508667
589906 12204.0131092
589906 12170.0618267
589857 12174.9298573
589833 12195.7240105
589833 12248.8470078
589745 12184.2210293
589733 12207.998991
589729 12261.7321014
589695 12248.6319542
589689 12209.3470097
589689 12193.5579777
589689 12142.2679424
589689 12251.2748241
589689 12230.4019928
589689 12260.0739002
589684 12203.0420303
589684 12244.6959019
589666 12171.6189384
589666 12297.0981598
589660 12227.5400162
589660 12230.0209999
589660 12267.3230171
589660 12171.9920635
589660 12346.3468552
589618 12218.5668945
589618 12228.058815
589601 12153.1569958
589568 12178.5271168
589568 12260.6501579
589545 12387.8099918
589477 12235.5070114
589477 12195.5578327
589429 12316.5071011
589429 12368.2961464
589429 12156.8701267
589406 12103.621006
589406 12133.382082
589406 12261.9819641
589338 12238.948822
589338 12187.3950958
589335 12186.9189739
589322 12275.0861645
589322 12256.8228245
589322 12205.0869465
589256 11947.4580288
589247 11030.8980942
589226 2690667.99688
589226 11211.5468979
589226 11058.7501526
589188 11011.7321014
589187 11220.2870846
589179 11055.8898449
589166 11111.6168499
589160 11002.4168491
589160 11048.913002
589143 10986.2480164
589143 11142.2250271
589136 11029.1728973
589122 11069.6041584
589107 10935.5368614
589068 11015.5050755
589062 11143.4109211
589062 10991.9910431
589059 11014.469862
589059 10986.5021706
589051 11031.7909718
589051 11056.8869114
589032 11236.7269993
589032 11076.0359764
588965 11069.5030689
588965 11055.0470352
588957 11036.4451408
588921 11232.3920727
588912 11040.4019356
588912 11069.8058605
588880 11030.8709145
588799 11066.6611195
588799 11228.3449173
588755 10998.3310699
588750 11013.2169724
588739 11027.6460648
588737 11007.8821182
588737 11011.8558407
588706 11178.4498692
588706 11070.8589554
588706 10962.1779919
588674 11024.6529579
588674 11046.186924
588618 11161.6258621
588618 11022.2499371
588618 11042.5391197
588618 11037.940979
588618 11032.6700211
588618 11046.1788177
588618 11162.7521515
588605 11018.4049606
588605 11026.8387794
588605 11028.5210609
588596 11012.2740269
588596 11171.8878746
588562 11171.2079048
588562 12260.6580257
588562 12252.5560856
588562 12319.4620609
588559 12493.088007
588559 12305.8099747
588559 12203.4890652
588533 12227.3569107
588533 12493.0040836
588533 12350.1079082
588525 12322.9379654
588521 12324.4180679
588520 12466.7730331
588511 12402.4820328
588511 12266.149044
588477 12356.6520214
588477 12322.4229813
588477 12364.4001484
588477 12425.5511761
588464 12380.1159859
588447 12325.5839348
588423 12455.0662041
588423 12221.3511467
588417 12236.4001274
588417 12387.2230053
588417 12224.7841358
588386 12217.58008
588386 12187.3168945
588351 12321.8719959
588351 12425.4701138
588316 12359.5278263
588298 12276.6280174
588255 12379.9901009
588255 12360.9809875
588253 12289.6518707
588253 12185.1980686
588253 12358.5178852
588253 12440.1879311
588251 12276.2172222
588213 12261.7299557
588193 12421.5528965
588177 12274.0058899
588177 12191.8427944
588177 12301.2390137
588123 12188.1830692
588112 12295.8130836
588101 12354.170084
588101 12208.632946
588101 12382.1389675
588101 12322.0031261
588101 12303.4420013
588101 12229.5310497
588101 12264.6930218
588090 12184.9880219
588090 12464.124918
588061 12297.4848747
588045 12260.5068684
588045 12349.134922
588038 12450.6781101
588038 12294.2800522
588020 12231.6880226
588006 12262.6311779
588006 12290.0798321
587999 12473.6111164
587990 12160.6690884
587966 12202.903986
587966 12314.2819405
587966 12292.591095
587939 12198.5759735
587939 12246.2558746
587939 12375.743866
587939 12423.0291843
587930 12250.5428791
587930 12378.1499863
587930 12254.4341087
587930 12377.7320385
587930 12291.1849022
587930 12236.6249561
587929 12198.4820366
587929 12514.4689083
587929 12328.2389641
587906 12299.7031212
587893 12347.1570015
587893 12329.8881054
587887 12237.582922
587863 12287.6570225
587843 12320.5010891
587774 12382.5690746
587761 12315.379858
587761 12298.8798618
587761 12278.8369656
587761 12221.8720913
587761 12294.7509289
587761 12178.6351204
587718 12213.3131027
587718 12258.1839561
587711 12382.2760582
587711 12201.5509605
587711 12333.920002
587708 12367.6009178
587708 12315.046072
587701 12152.2469521
587701 12322.1299648
587701 12260.4560852
587701 12391.4179802
587701 12375.4379749
587696 12385.0848675
587668 12279.9398899
587650 12408.880949
587644 12322.7329254
587639 12219.1259861
587630 12256.6890717
587630 12304.484129
587622 12289.0031338
587607 12222.110033
587570 12289.4301414
587570 12271.7590332
587565 12432.9080582
587505 12204.7529221
587494 12229.9540043
587487 12459.305048
587464 12490.6520844
587453 12325.0141144
587453 12278.5830498
587416 12214.1587734
587416 12413.7599468
587416 12247.8289604
587416 12215.1539326
587416 12179.3758869
587416 12448.8220215
587416 12286.3128185
587416 12231.855154
587404 12230.8838367
587404 12235.0251675
587404 12333.2750797
587394 12196.3279247
587377 12271.6920376
587377 12377.592802
587377 12443.8860416
587377 12233.3030701
587349 12250.9319782
587307 12351.9909382
587307 12284.3630314
587300 12256.5128803
587300 12358.618021
587285 12325.5751133
587285 12372.4892139
587267 12329.5640945
587212 12331.9220543
587162 12318.7608719
587143 12257.8749657
587143 12332.9730034
587132 12271.2879181
587094 12251.3449192
587043 12396.3210583
587009 12346.7321396
587009 12236.8090153
587003 12387.4092102
586989 12370.237112
586937 12336.7960453
586937 12370.6269264
586895 12264.8379803
586868 12223.2420444
586868 12249.5350838
586868 12302.1290302
586839 12195.5640316
586839 12241.1291599
586802 12290.9250259
586789 12153.1131268
586781 12202.3499012
586758 12291.3620472
586758 12272.9659081
586757 12268.2859898
586757 12281.8579674
586749 12308.825016
586712 12319.8120594
586712 12351.2160778
586700 12245.980978
586678 12266.5319443
586678 12322.1311569
586672 12311.093092
586672 12339.6830559
586621 12236.7560863
586621 12210.4260921
586612 12054.4128418
586603 12334.608078
586569 12137.0840073
586567 12274.7371197
586555 12279.1531086
586481 12241.8251038
586422 12323.2860565
586415 12266.6251659
586415 12279.2129517
586373 12247.6370335
586373 12253.34692
586349 12353.3039093
586349 12187.6518726
586349 12196.2218285
586349 12383.0370903
586347 12434.7820282
586347 12191.8730736
586323 12335.5510235
586299 12228.6958694
586299 12282.5348377
586299 12256.082058
586299 12168.4849262
586299 12316.6179657
586299 12293.8868999
586299 12254.9009323
586270 12313.0390644
586264 12215.3601646
586245 12262.9871368
586245 12334.4061375
586245 12225.8689404
586231 12227.83494
586231 12238.0030155
586223 12284.1389179
586223 12248.5599518
586223 12174.6091843
586221 12310.644865
586196 12290.6098366
586183 12333.687067
586169 12192.6159859
586167 12425.9798527
586167 12239.1629219
586167 12335.105896
586138 12188.7290478
586134 12216.2740231
586127 12395.5199718
586115 12486.2380028
586115 12241.4469719
586115 12245.2208996
586115 12274.0850449
586104 12299.5450497
586068 12178.0531406
586068 12381.6311359
586046 12314.759016
585976 12350.9039879
585937 12302.5240898
585937 12223.4289646
585937 12260.3549957
585916 12311.480999
585916 12213.5560513
585916 12200.7780075
585916 12337.5229836
585916 12306.0238361
585916 11185.7328415
585916 3605458.44412
585912 3602284.18684
585884 28787.7011299
585884 29825.3121376
585857 3615514.0202
585839 20185.5630875
585839 18494.3590164
585839 17097.9499817
585839 3607620.93782
585826 22795.5780029
585826 17928.4999371
585790 3606480.06916
585786 24101.3669968
585771 17636.6829872
585752 3606972.66984
585733 23447.8070736
585723 3610606.46415
585723 16812.691927
585723 20718.6341286
585717 3609492.63382
585717 19330.1990032
585717 18890.0501728
585686 17449.8820305
585667 3607711.49707
585667 23663.4111404
585655 17877.4800301
585655 3606000.36502
585655 24081.2649727
585617 17544.6059704
585608 1228472.73302
585608 11231.5738201
585598 11249.352932
585566 12696.5398788
585566 12130.2289963
585566 11320.2989101
585552 11088.4950161
585552 10996.2849617
585552 10987.4880314
585552 11000.5178452
585552 11182.8122139
585552 11222.8519917
585538 11309.0598583
585515 12482.6378822
585515 12867.431879
585515 12054.0452003
585509 12244.9059486
585509 11835.2169991
585501 11478.8382053
585497 12652.6272297
585497 12844.2561626
585497 11712.1450901
585497 11230.5159569
585497 11057.7909946
585448 11046.0131168
585436 11033.8509083
585436 11196.9101429
585435 11049.0860939
585435 11075.0701427
585396 11002.2559166
585393 11026.2889862
585381 11060.1570606
585338 11183.8328838
585338 10977.6210785
585277 11028.3470154
585277 11089.892149
585277 11009.8149776
585253 11126.7569065
585245 10990.8328056
585245 10936.2199306
585213 11020.565033
585185 10957.9930305
585183 11134.1629028
585183 11032.4690342
585157 11025.7019997
585157 11015.0110722
585157 11038.6450291
585157 11017.4918175
585126 11711.1148834
585126 11924.0279198
585126 12656.1172009
585123 12438.4701252
585123 11256.7811012
585048 11164.3030643
584994 11007.570982
584975 10969.0141678
584973 11013.7360096
584973 10954.928875
584958 11182.5840473
584958 11000.9009838
584946 10986.9978428
584946 11031.4979553
584946 11049.7350693
584932 11015.8529282
584932 11094.4540501
584932 11002.0539761
584877 11062.4909401
584877 11017.4520016
584850 11012.0739937
584850 11186.1729622
584825 11023.9691734
584825 11007.6670647
584807 11035.1691246
584788 11019.5918083
584788 11046.5319157
584781 11130.0349236
584771 11031.4869881
584720 11080.7259083
584720 11014.7178173
584720 11157.2978497
584714 11273.3728886
584698 10976.1710167
584695 11004.693985
584695 10964.5199776
584654 10977.1640301
584603 11182.7039719
584587 11029.3750763
584587 10999.7160435
584587 11031.234026
584515 10992.098093
584515 11009.180069
584515 11195.4219341
584496 10996.1099625
584496 11015.7160759
584448 11013.5560036
584429 11024.6760845
584390 11174.6928692
584342 11003.9260387
584342 11079.8659325
584342 11015.6061649
584342 11003.9670467
584335 11053.9059639
584301 11113.2879257
584296 11033.7939262
584266 11037.6179218
584218 10992.3009872
584193 11303.4789562
584140 12389.8460865
584110 12256.9880486
584110 12298.0909348
584110 12277.4789333
584084 12289.1230583
584084 12391.5059566
584051 12374.9248981
584001 12317.9709911
584001 12395.2920437
583983 12374.8230934
583983 12398.720026
583983 12433.1150055
583983 12271.7559338
583983 12413.3188725
583943 12296.1170673
583943 12306.0040474
583928 12454.5221329
583928 12317.4738884
583928 12391.5920258
583925 12493.6048985
583925 12281.2619209
583914 12350.0230312
583914 12459.7089291
583903 12476.1681557
583903 12331.7279816
583887 11523.4880447
583887 11161.0341072
583859 11110.2931499
583837 10987.6580238
583831 10968.1928158
583821 11000.4558563
583821 10998.0859756
583818 10980.2241325
583808 11004.3160915
583808 10948.8310814
583808 11045.4549789
583808 10978.4789085
583808 11026.9169807
583807 11064.9430752
583803 10985.5861664
583796 10976.6490459
583796 10977.1859646
583771 11042.9890156
583771 11002.7329922
583770 10983.0329418
583770 11019.657135
583741 11028.6388397
583741 11053.4658432
583741 11008.8179111
583740 11036.604166
583716 11001.1718273
583712 11176.5098572
583712 10979.7849655
583696 11025.6390572
583694 11029.3009281
583694 11035.462141
583694 11007.5669289
583677 11000.797987
583677 10989.948988
583667 10996.14501
583587 11015.4240131
583587 11024.8339176
583587 10971.1401463
583587 11018.445015
583577 10979.1250229
583552 10962.9099369
583552 11020.9331512
583552 11010.2279186
583530 10997.3399639
583530 11005.3172112
583530 10976.5188694
583522 11031.0220718
583522 11025.4869461
583502 10972.6848602
583455 11048.3679771
583447 10996.4621067
583437 10978.826046
583437 11021.8980312
583437 10933.9389801
583437 11006.4787865
583437 10955.5308819
583437 11038.9778614
583409 11009.4020367
583340 10952.3389339
583330 10962.2750282
583327 11004.6160221
583327 11075.1318932
583294 11000.6878376
583217 11046.0989475
583217 11003.7739277
583192 11002.2711754
583192 10992.9158688
583175 11054.2328358
583175 11004.6989918
583115 11057.0569038
583092 10979.9320698
583092 10993.1030273
583092 11005.8550835
583050 10986.7620468
583000 11012.1190548
583000 11037.8918648
583000 10960.4079723
583000 10982.9330444
583000 11011.1529827
582976 10998.1689453
582967 11032.5920582
582945 10992.3551083
582945 10967.4620628
582945 11002.0530224
