2017 4.14896011353
2017 4.11796569824
1967 4.09889221191
1933 5.79214096069
1924 6.38318061829
1913 5.01990318298
1909 4.40001487732
1894 4.30583953857
1894 4.11105155945
1891 4.19402122498
1882 4.18400764465
1868 4.2200088501
1868 4.16088104248
1847 4.22692298889
1842 4.18782234192
1804 5.04803657532
1804 4.64010238647
1804 4.27007675171
1797 4.6169757843
1785 6.09397888184
1785 4.95409965515
1785 4.42123413086
1779 4.3830871582
1769 4.28700447083
1739 4.35304641724
1709 4.29201126099
1709 4.33111190796
1696 4.31799888611
1668 4.40502166748
1668 4.38690185547
1660 4.47702407837
1660 4.36615943909
1658 4.35900688171
1658 4.35781478882
1636 4.3671131134
1636 4.38785552979
1636 5.60712814331
1591 6.36982917786
1568 5.4759979248
1546 5.21087646484
1531 4.75597381592
1522 4.66704368591
1522 4.5599937439
1522 4.53114509583
1512 4.43696975708
1512 4.44316864014
1495 4.47297096252
1490 4.46796417236
1490 4.4481754303
1422 4.50992584229
1422 4.66513633728
1409 4.57286834717
1409 4.51111793518
1399 4.5759677887
1399 4.51803207397
1399 4.54211235046
1384 4.62102890015
1378 4.61006164551
1364 4.62603569031
1358 4.65607643127
1357 5.32507896423
1357 4.95290756226
1357 5.80596923828
1332 6.23202323914
1332 4.93216514587
1332 4.65297698975
1332 4.63104248047
1332 5.0151348114
1311 4.78601455688
1311 4.67419624329
1311 4.75811958313
1311 4.68707084656
1311 4.77886199951
1311 4.68778610229
1311 4.7128200531
1311 4.72116470337
1297 4.85181808472
1292 5.06615638733
1284 4.87303733826
1284 4.71806526184
1284 4.76408004761
1284 4.79602813721
1284 5.36704063416
1284 5.46598434448
1284 6.72507286072
1284 5.4669380188
1284 4.85801696777
1281 5.02300262451
1281 4.8201084137
1273 4.9250125885
1273 4.8520565033
1241 4.9741268158
1241 4.88591194153
1241 4.96792793274
1241 4.91499900818
1241 4.99200820923
1241 4.94599342346
1241 4.96888160706
1241 5.00512123108
1236 5.02181053162
1236 5.00297546387
1236 5.02490997314
1236 5.06997108459
1236 5.08904457092
1236 5.06806373596
1236 5.10406494141
1228 5.10907173157
1228 5.52606582642
1217 5.16796112061
1217 5.26595115662
1217 5.2649974823
1217 5.30004501343
1217 5.21397590637
1217 5.23090362549
1216 5.24210929871
1216 5.38110733032
1216 5.26094436646
1216 5.40590286255
1216 5.29098510742
1216 5.36894798279
1216 5.30195236206
1216 5.4178237915
1216 5.32698631287
1195 5.43713569641
1195 5.36203384399
1195 5.50985336304
1194 5.37490844727
1194 5.41090965271
1187 5.48887252808
1185 5.43212890625
1172 5.38396835327
1167 6.16788864136
1167 5.91611862183
1167 5.59902191162
1167 5.52296638489
1167 5.68199157715
1167 5.44285774231
1167 5.62691688538
1167 5.45907020569
1160 5.7110786438
1160 5.56993484497
1160 5.54299354553
1160 5.5730342865
1160 5.57613372803
1160 5.56588172913
1160 5.63907623291
1160 5.64789772034
1160 5.70106506348
1159 5.68008422852
1158 5.66601753235
1136 5.74779510498
1136 5.66387176514
1136 6.31785392761
1136 5.83291053772
1136 5.91993331909
1121 6.0830116272
1121 5.73301315308
1115 5.86295127869
1115 5.85508346558
1106 5.83791732788
1106 5.80906867981
1106 5.89609146118
1100 5.95784187317
1100 5.84602355957
1100 5.87010383606
1100 5.88989257812
1098 8.35990905762
1098 7.51996040344
1098 6.20198249817
1084 6.70409202576
1070 7.84993171692
1070 7.05099105835
1067 6.00504875183
1064 6.22081756592
1064 6.10303878784
1064 6.13594055176
1064 6.13188743591
1064 6.27088546753
1064 6.1149597168
1064 6.13307952881
1064 6.22892379761
1055 7.68303871155
1055 6.85811042786
1055 6.32381439209
1052 6.48617744446
1052 6.24895095825
1052 6.34288787842
1052 6.22582435608
1052 6.2301158905
1044 6.27303123474
1044 6.30402565002
1041 6.41107559204
1041 6.33001327515
1041 6.4070224762
1041 7.5089931488
1023 8.18705558777
1023 6.46901130676
1023 6.40797615051
1023 6.45709037781
1023 6.44898414612
1012 6.44302368164
1012 6.44612312317
1000 6.39700889587
1000 6.43301010132
985 6.47401809692
985 6.64591789246
985 6.53314590454
985 6.55603408813
985 6.52408599854
985 7.11393356323
985 6.78420066833
985 6.57987594604
985 6.94513320923
985 6.71410560608
985 6.6339969635
984 6.70981407166
984 6.60800933838
984 6.77299499512
984 6.65283203125
981 7.22694396973
981 10.2159976959
981 7.14087486267
981 7.18116760254
976 6.85381889343
976 6.65211677551
976 6.70599937439
976 6.67810440063
963 6.65998458862
963 6.65497779846
963 6.78610801697
963 6.72197341919
963 6.94489479065
953 9.75203514099
953 7.3459148407
953 6.78300857544
953 6.79707527161
948 7.21311569214
948 7.19404220581
948 6.88195228577
948 6.76918029785
931 6.95395469666
931 6.8027973175
931 6.92582130432
931 6.91485404968
923 7.97414779663
923 8.52394104004
922 6.87909126282
919 6.94513320923
907 6.87408447266
907 6.97803497314
907 6.97302818298
907 6.85882568359
907 6.98781013489
907 6.84285163879
905 6.94298744202
905 6.79206848145
898 6.95991516113
898 7.7497959137
898 9.47594642639
892 7.25293159485
892 7.04288482666
892 6.83307647705
892 6.92009925842
892 6.86287879944
873 6.83903694153
873 11.3689899445
872 7.75980949402
866 7.70306587219
866 7.11512565613
866 7.20500946045
866 7.08985328674
866 10.7090473175
861 8.21280479431
861 7.47990608215
861 7.10988044739
861 7.23791122437
836 7.20596313477
836 7.24220275879
836 7.17401504517
836 7.25913047791
836 7.21621513367
836 7.32898712158
836 7.19809532166
836 7.31992721558
836 8.06307792664
828 7.37500190735
812 7.29990005493
812 7.30991363525
812 7.25078582764
812 7.21597671509
806 7.36808776855
806 7.40599632263
806 7.38096237183
799 7.31492042542
799 8.35394859314
799 7.31515884399
799 7.57193565369
793 7.3139667511
793 7.36212730408
793 10.5519294739
793 8.58187675476
793 7.36904144287
787 7.4999332428
787 7.47585296631
787 7.49897956848
787 7.59696960449
785 7.38000869751
785 7.45511054993
785 10.8540058136
785 8.57090950012
785 11.7790699005
785 7.82608985901
785 7.50184059143
774 7.52782821655
774 7.54284858704
771 7.5478553772
771 11.3201141357
753 8.84008407593
753 7.62486457825
753 7.62295722961
753 7.64584541321
753 7.80701637268
744 8.01706314087
744 7.78198242188
744 7.66921043396
744 7.6379776001
744 7.62891769409
744 7.66706466675
744 7.64894485474
744 7.6961517334
744 7.69090652466
743 7.7850818634
743 8.38708877563
743 10.1850032806
743 8.28695297241
743 7.80010223389
743 7.81321525574
743 7.98392295837
743 9.04607772827
743 7.81202316284
743 10.1580619812
743 9.9949836731
743 10.1430416107
743 10.546207428
743 7.91192054749
742 7.97319412231
739 7.98797607422
739 7.99798965454
739 8.0668926239
739 8.02206993103
739 8.00395011902
739 7.97891616821
739 8.13913345337
739 8.02493095398
732 8.15010070801
732 8.15510749817
732 8.1639289856
732 8.16702842712
732 10.4620456696
732 10.3998184204
732 10.3371143341
732 9.39893722534
732 9.85598564148
725 8.41498374939
725 8.24308395386
725 8.30602645874
725 10.0078582764
719 11.4488601685
719 8.633852005
719 8.51798057556
719 8.37302207947
719 10.8730792999
719 10.4460716248
719 8.25190544128
719 10.754108429
719 10.7018947601
719 8.34679603577
719 8.36491584778
719 8.79406929016
719 8.51011276245
719 9.15598869324
719 8.77594947815
719 8.3909034729
719 8.43787193298
713 8.43787193298
706 8.61287117004
700 11.3079547882
700 10.0319385529
700 8.35299491882
700 8.48603248596
700 8.40902328491
694 8.4969997406
694 8.45313072205
694 8.48412513733
694 8.44383239746
694 8.64100456238
691 8.4810256958
691 12.0990276337
691 9.63306427002
691 8.5117816925
691 8.53085517883
691 8.56685638428
691 8.59594345093
690 8.55803489685
690 8.54396820068
690 8.55302810669
686 8.54516029358
686 8.8210105896
686 12.3929977417
686 8.99004936218
682 8.71801376343
679 13.1120681763
679 9.12404060364
679 8.76498222351
674 8.86392593384
674 8.67080688477
674 8.74900817871
674 13.2210254669
674 8.99195671082
674 8.70585441589
674 8.71181488037
674 8.82387161255
674 10.5788707733
663 11.8420124054
663 9.66691970825
663 8.68892669678
663 8.7628364563
663 9.02390480042
663 8.85915756226
663 9.02009010315
663 8.87608528137
663 10.2100372314
663 12.4340057373
663 12.6760005951
663 9.75513458252
663 8.93712043762
663 8.91304016113
663 8.94093513489
663 8.97121429443
663 9.01985168457
663 9.00602340698
663 9.02009010315
663 9.08398628235
663 9.0320110321
663 9.02104377747
663 9.06491279602
663 11.4469528198
663 11.1398696899
659 9.12690162659
659 9.17816162109
659 9.16719436646
659 9.23991203308
659 9.19699668884
657 9.11998748779
657 8.99410247803
657 8.99219512939
657 11.1708641052
651 10.7328891754
651 9.34100151062
651 9.37008857727
650 11.5840435028
650 9.05895233154
650 9.06181335449
646 9.08589363098
646 9.08994674683
646 9.78302955627
639 9.30404663086
639 9.16314125061
634 9.3240737915
634 9.21297073364
634 9.22298431396
634 9.26899909973
634 9.24301147461
634 9.63878631592
634 9.42492485046
634 9.32478904724
634 9.30309295654
634 9.30595397949
634 11.2361907959
634 12.2430324554
631 9.53197479248
631 9.38510894775
631 9.38987731934
631 9.62400436401
631 9.41514968872
631 9.55700874329
631 9.42611694336
631 9.58800315857
631 9.46283340454
631 9.49120521545
631 9.45687294006
631 9.5329284668
631 9.50503349304
631 9.53197479248
631 9.53793525696
631 9.54818725586
631 9.68885421753
631 9.54103469849
631 9.5579624176
631 14.0600204468
631 10.3600025177
631 9.60302352905
631 9.60612297058
631 9.53984260559
631 9.73796844482
631 9.6161365509
628 9.66882705688
628 9.67121124268
628 9.72890853882
628 9.67907905579
628 12.4771595001
625 10.83111763
625 9.65404510498
625 9.80305671692
625 9.64593887329
625 14.436006546
625 11.3739967346
625 10.9980106354
625 9.66191291809
625 9.82284545898
625 9.74583625793
625 9.86814498901
625 9.80401039124
625 10.0228786469
625 9.77611541748
625 9.95302200317
625 9.94396209717
625 9.81020927429
625 9.9139213562
622 9.76800918579
622 9.93704795837
622 9.78708267212
622 9.8340511322
622 9.80997085571
622 9.83285903931
622 9.87911224365
622 9.85598564148
620 9.88698005676
620 9.88078117371
620 10.0879669189
614 10.0119113922
614 10.1630687714
614 10.0839138031
608 10.1981163025
608 10.0150108337
608 10.8509063721
608 11.8880271912
608 12.3989582062
608 12.6900672913
600 10.4320049286
600 10.3080272675
600 14.6610736847
600 10.4570388794
600 10.2531909943
600 10.4639530182
599 10.2269649506
599 10.6210708618
599 10.4649066925
575 11.1360549927
575 10.4169845581
575 10.754108429
575 10.3740692139
575 10.4711055756
575 10.6408596039
575 11.0020637512
575 10.6978416443
575 10.4749202728
575 10.4260444641
575 10.5800628662
575 10.6370449066
575 10.5769634247
575 10.6959342957
575 10.7011795044
575 10.636806488
575 11.4669799805
573 10.56599617
573 10.5459690094
573 11.0328197479
570 10.8149051666
563 11.1570358276
562 11.2721920013
562 12.8529071808
562 10.7898712158
562 10.5521678925
562 10.7359886169
559 10.4670524597
559 10.5671882629
559 10.7109546661
559 10.507106781
559 10.6978416443
559 10.5798244476
559 10.5290412903
559 10.5080604553
559 10.6449127197
557 10.7369422913
551 10.6070041656
551 10.7629299164
551 14.8799419403
551 13.867855072
548 12.6070976257
548 10.92004776
548 10.8680725098
548 10.6120109558
548 10.763168335
548 10.6620788574
548 10.8189582825
548 10.6551647186
548 10.8258724213
548 11.2280845642
545 11.1079216003
543 10.6389522552
543 10.8399391174
543 10.8089447021
543 10.6739997864
543 11.5978717804
543 16.6571140289
543 16.4480209351
538 12.9611492157
538 11.773109436
536 11.3170146942
536 10.9992027283
536 12.1910572052
536 12.757062912
536 11.0468864441
536 11.0278129578
536 10.8551979065
524 10.7989311218
524 10.8759403229
524 11.0259056091
524 10.938167572
524 11.1610889435
524 10.9028816223
524 11.1470222473
524 10.892868042
524 10.8890533447
524 11.2709999084
524 11.4231109619
516 10.9918117523
516 11.1949443817
516 11.0559463501
516 11.1827850342
516 11.2898349762
516 11.4238262177
516 11.2199783325
516 11.1849308014
516 11.0828876495
510 11.0909938812
509 11.2919807434
509 11.2190246582
509 11.3520622253
509 11.9059085846
504 13.3490562439
504 15.7740116119
504 13.2720470428
504 13.8781070709
504 12.6740932465
504 11.8350982666
504 15.0029659271
503 12.4008655548
503 12.9039287567
503 12.039899826
501 12.2358798981
501 12.4871730804
501 12.5639438629
501 13.0290985107
501 15.1369571686
501 12.8438472748
501 12.6378536224
501 12.2888088226
501 12.5079154968
501 12.8490924835
501 12.7429962158
495 12.4061107635
495 12.3419761658
495 12.7949714661
495 15.7999992371
495 13.1220817566
495 12.9308700562
495 12.1169090271
490 12.0069980621
490 11.8598937988
490 12.1500492096
490 11.7599964142
490 12.0379924774
485 12.0100975037
485 12.1030807495
485 11.9140148163
485 11.9171142578
485 11.8968486786
482 12.081861496
482 12.0170116425
482 12.1710300446
482 12.2201442719
482 12.3250484467
482 12.0928287506
480 12.3670101166
480 12.3319625854
480 12.1579170227
480 16.7429447174
480 12.2010707855
480 15.0718688965
480 14.4729614258
480 13.4520530701
480 12.512922287
480 12.4011039734
480 12.1839046478
480 12.5482082367
480 12.4349594116
480 12.7630233765
480 12.4170780182
480 12.3369693756
480 12.3400688171
480 12.4650001526
480 12.3708248138
480 12.4921798706
480 12.4759674072
480 12.5849246979
480 12.5539302826
480 12.5000476837
480 12.5279426575
480 12.3960971832
478 12.298822403
478 12.316942215
478 12.3310089111
478 12.3429298401
478 12.3670101166
478 12.8638744354
478 13.3061408997
478 12.5179290771
478 12.3980045319
478 12.4611854553
473 13.1740570068
473 12.5880241394
473 12.4888420105
473 12.4831199646
473 12.5141143799
473 12.5298500061
473 12.7198696136
460 12.6090049744
460 13.2858753204
460 12.7401351929
460 12.8030776978
460 12.9158496857
460 12.8209590912
460 12.6221179962
460 12.6161575317
460 13.0898952484
460 12.9098892212
460 12.7241611481
460 12.904882431
460 12.7301216125
460 17.3268318176
460 12.8219127655
460 12.631893158
460 12.6700401306
460 12.9930973053
460 12.7828121185
460 12.7649307251
460 12.8440856934
460 12.983083725
460 12.7520561218
460 12.8009319305
460 12.7618312836
460 12.7689838409
460 12.825012207
460 12.7959251404
460 12.8729343414
460 12.9330158234
460 12.923002243
460 12.9408836365
460 13.1180286407
460 12.9749774933
460 12.9399299622
460 12.9919052124
460 13.0069255829
460 15.3901576996
460 15.3548717499
460 13.0670070648
460 13.4930610657
460 13.2360458374
460 13.0479335785
460 13.0958557129
460 13.0550861359
460 13.0698680878
460 13.0841732025
460 13.0839347839
460 13.2038593292
460 13.3697986603
460 13.1969451904
460 13.1809711456
460 13.6349201202
460 15.2590274811
460 15.4638290405
460 17.657995224
460 13.2520198822
460 13.3130550385
460 13.2570266724
459 13.2360458374
459 13.249874115
459 13.2310390472
459 13.2699012756
459 13.295173645
458 13.2210254669
458 13.2029056549
458 13.2310390472
458 13.3111476898
458 13.8220787048
458 13.3969783783
458 13.2651329041
458 13.2858753204
458 13.3380889893
458 13.3421421051
458 13.3140087128
458 13.4580135345
458 13.4038925171
457 15.6841278076
457 13.2899284363
457 13.277053833
457 13.2839679718
457 13.3950710297
457 13.3287906647
454 13.3550167084
454 13.4189128876
454 13.3430957794
454 13.6640071869
454 13.4589672089
454 13.7338638306
454 13.49401474
454 13.4930610657
454 13.5288238525
454 13.5250091553
454 18.42212677
454 13.5128498077
454 13.6480331421
454 17.6770687103
454 13.5841369629
454 13.5369300842
454 13.5970115662
454 13.6148929596
454 13.5860443115
447 13.6229991913
443 13.8659477234
443 13.7438774109
436 14.0109062195
436 13.8299465179
436 15.6939029694
436 14.3160820007
436 13.8761997223
436 14.1940116882
436 13.9491558075
436 14.2090320587
436 13.9970779419
436 14.1208171844
435 13.916015625
435 14.1389369965
435 16.9260501862
435 15.9058570862
435 13.8940811157
435 14.0540599823
435 13.9539241791
435 14.0011310577
435 14.0850543976
435 13.9501094818
435 14.0950679779
435 14.0280723572
435 15.4180526733
435 14.0669345856
435 14.0690803528
435 14.1639709473
435 14.1007900238
435 14.1429901123
435 14.2350196838
435 14.1441822052
435 14.4941806793
435 19.5050239563
431 14.2569541931
431 14.3489837646
431 14.9700641632
429 14.6350860596
427 14.2178535461
427 14.4598484039
427 14.1408443451
427 14.182806015
427 14.1639709473
427 14.5878791809
427 14.280796051
427 14.2388343811
427 14.2560005188
427 14.3120288849
427 14.2641067505
427 14.3167972565
427 14.3649578094
427 14.2719745636
427 14.2760276794
427 14.3029689789
427 14.3330097198
427 14.3551826477
427 14.3949985504
427 14.3520832062
427 14.3518447876
427 14.4062042236
427 14.3721103668
427 14.3890380859
427 14.545917511
427 14.3971443176
427 14.4150257111
427 14.4062042236
427 14.42694664
427 14.4970417023
427 14.4579410553
427 14.7531032562
427 14.9021148682
427 18.6870098114
427 14.6191120148
427 14.7919654846
427 14.5208835602
427 14.8119926453
427 14.7387981415
427 14.7519111633
427 14.6100521088
427 14.7049427032
427 14.6880149841
427 15.0091648102
427 14.7001743317
427 14.9459838867
427 14.9738788605
427 14.7330760956
427 15.016078949
427 15.5909061432
427 14.7960186005
427 14.8589611053
427 14.8439407349
427 14.8301124573
427 16.2010192871
427 14.885187149
427 14.8820877075
427 14.8558616638
427 14.9421691895
427 14.9040222168
427 14.8110389709
427 14.7969722748
427 14.838218689
427 14.8391723633
427 19.2339420319
423 14.9149894714
423 15.7358646393
423 15.0451660156
423 14.9290561676
423 15.2189731598
423 15.1889324188
421 15.0551795959
421 15.0110721588
421 19.5450782776
421 15.3589248657
421 15.0730609894
421 15.1138305664
421 15.0911808014
421 15.4039859772
417 15.09308815
417 15.035867691
417 15.3961181641
417 15.1691436768
417 15.3980255127
417 15.1610374451
417 15.1607990265
417 15.5329704285
417 15.1519775391
417 15.4221057892
417 15.2180194855
417 15.2571201324
417 15.1960849762
417 15.496969223
417 15.212059021
417 15.4211521149
417 15.1789188385
417 15.5429840088
417 15.2869224548
417 15.5491828918
417 15.2008533478
417 15.4888629913
417 15.2118206024
417 15.3369903564
410 19.1621780396
410 16.4220333099
405 18.2890892029
405 18.0099010468
405 16.5801048279
405 15.3620243073
405 15.3529644012
405 15.3908729553
405 15.6869888306
405 15.4929161072
405 15.487909317
405 15.7330036163
405 15.4819488525
405 15.7740116119
405 15.508890152
405 16.3249969482
405 15.5439376831
405 15.5448913574
405 15.6269073486
