73514 254.601955414
73457 249.15599823
73431 259.546041489
73431 248.658895493
73431 264.513015747
73406 261.049032211
73404 262.326002121
73392 249.007940292
73392 249.577045441
73385 257.41481781
73324 258.635997772
73307 297.652006149
73307 255.914926529
73278 269.7930336
73276 256.350040436
73270 251.628160477
73270 253.880977631
73270 251.214981079
73215 264.163970947
73209 251.506090164
73209 253.3390522
73209 251.90782547
73209 259.738922119
73196 251.950979233
73196 249.125003815
73119 258.511066437
73072 265.690088272
73072 252.151966095
73028 247.598171234
73028 255.082845688
73028 261.420965195
73028 276.39913559
73028 261.695146561
73016 268.512964249
73014 258.475065231
73009 261.06595993
72994 254.772186279
72969 269.09995079
72926 253.620862961
72900 256.422996521
72897 246.706008911
72880 250.39100647
72868 250.509023666
72793 249.624013901
72793 248.03519249
72793 249.796867371
72793 246.207952499
72724 252.555131912
72724 255.46503067
72724 248.49486351
72698 247.557878494
72641 254.634141922
72641 248.94118309
72616 250.540018082
72591 250.74005127
72591 254.128932953
72576 248.027086258
72576 255.607843399
72576 254.093885422
72576 267.884016037
72569 251.765966415
72530 261.768817902
72487 264.002799988
72483 264.386177063
72483 248.132944107
72466 248.57878685
72466 250.245809555
72466 249.600887299
72463 258.893966675
72463 263.164997101
72462 261.749982834
72462 258.168935776
72435 252.836942673
72435 256.623983383
72432 272.284030914
72432 263.329982758
72395 251.787185669
72395 249.453783035
72384 250.505208969
72384 246.68598175
72353 247.924089432
72353 259.564161301
72311 266.317129135
72311 252.557992935
72311 261.244058609
72282 257.833957672
72233 256.035804749
72233 250.586986542
72196 268.561840057
72160 251.825094223
72111 283.668994904
72111 282.592058182
72058 302.198886871
72058 296.262025833
72058 304.722070694
72021 305.402994156
72021 275.145053864
72003 276.454925537
72003 275.056838989
71985 286.556005478
71985 283.63609314
71912 285.85100174
71896 278.021097183
71896 252.424001694
71896 259.575843811
71862 256.983995438
71821 262.24899292
71821 255.234956741
71799 261.42001152
71780 254.862785339
71766 263.586044312
71728 269.00100708
71711 286.118030548
71711 264.642953873
71672 301.476955414
71672 274.882078171
71666 297.496080399
71666 289.864063263
71636 267.664194107
71636 283.897161484
71636 289.809942245
71636 283.831834793
71636 262.710809708
71632 249.860048294
71618 252.518892288
71618 247.439861298
71604 256.536960602
71598 247.967004776
71598 251.54709816
71533 251.142978668
71489 254.051923752
71479 253.510951996
71479 252.145051956
71479 249.588012695
71479 256.438016891
71479 254.17304039
71479 252.679109573
71469 252.050161362
71469 255.029916763
71431 253.134965897
71431 250.647068024
71431 252.165794373
71431 254.523992538
71430 254.507064819
71424 251.003980637
71424 249.179840088
71412 258.069992065
71403 254.714012146
71400 249.16601181
71399 251.960039139
71399 254.176139832
71370 248.83389473
71370 252.877950668
71370 252.377033234
71370 251.301050186
71360 249.92108345
71360 251.289129257
71348 252.122879028
71328 253.842115402
71324 250.398159027
71298 248.672962189
71287 273.010969162
71287 260.998010635
71283 252.47502327
71283 251.482963562
71283 253.283023834
71267 252.698898315
71255 255.127906799
71228 250.17786026
71205 262.284040451
71191 251.340150833
71191 250.09894371
71189 251.249074936
71184 253.545045853
71184 253.466129303
71134 250.215053558
71134 256.303071976
71112 253.324985504
71112 251.045227051
71112 250.89597702
71104 249.667882919
71104 249.391078949
71102 251.789093018
71102 249.660968781
71095 250.643968582
71095 250.54192543
71095 255.270957947
71095 249.918222427
71094 252.017974854
71068 258.377790451
71009 254.422903061
71009 253.271102905
70998 250.45800209
70998 251.616001129
70998 260.647058487
70998 252.008914948
70962 250.203132629
70935 253.437995911
70923 253.510951996
70889 255.023002625
70889 250.139951706
70872 259.128808975
70861 253.726959229
70837 252.543926239
70837 250.81205368
70776 253.108978271
70776 271.574020386
70776 278.301000595
70776 275.35700798
70747 278.198003769
70747 280.564069748
70747 277.122974396
70738 274.081945419
70738 266.573905945
70703 261.582136154
70664 255.846977234
70664 256.535053253
70664 253.021001816
70664 258.414983749
70664 250.502109528
70656 253.319978714
70610 252.283096313
70610 253.885030746
70610 249.19295311
70609 255.128145218
70599 252.039909363
70599 249.65596199
70599 252.398967743
70583 255.167961121
70583 249.846935272
70583 250.338077545
70583 254.043102264
70583 252.634048462
70559 251.507997513
70559 249.938964844
70559 250.01502037
70559 258.64815712
70485 260.071992874
70485 259.732961655
70485 252.924919128
70485 255.930185318
70470 251.858949661
70464 265.292167664
70460 251.231193542
70460 250.917196274
70433 252.89607048
70413 252.315044403
70363 250.001192093
70353 251.857042313
70263 251.44982338
70263 258.961200714
70247 250.543117523
70205 253.128051758
70188 258.71014595
70188 256.134033203
70131 253.211975098
70113 257.032155991
70100 261.305093765
70095 250.928163528
70095 251.492977142
70086 251.890182495
70050 255.759000778
70050 248.950958252
70050 252.768993378
70040 253.37600708
70017 251.261949539
70017 251.425027847
69979 250.534057617
69956 251.776218414
69956 251.564025879
69955 310.796022415
69955 296.849966049
69955 310.773134232
69909 294.395208359
69882 323.987960815
69882 312.230825424
69804 309.786081314
69774 293.044805527
69774 286.161899567
69747 303.542852402
69747 324.75399971
69747 291.625976562
69726 285.406112671
69726 281.575918198
69726 295.752048492
69726 296.355962753
69708 280.848026276
69690 300.539970398
69690 308.050870895
69690 316.022872925
69672 300.741910934
69650 307.062149048
69650 304.287910461
69650 299.140930176
69628 293.166875839
69628 305.773019791
69628 305.907964706
69628 308.187961578
69578 308.370113373
69578 312.157869339
69578 316.653013229
69578 308.473110199
69578 279.500961304
69545 288.069009781
69545 315.596103668
69545 285.845041275
69545 262.943983078
69537 305.134057999
69537 295.983076096
69537 295.045137405
69529 288.295984268
69529 312.304019928
69529 293.864011765
69526 291.850090027
69500 312.529087067
69500 264.047145844
69480 293.426036835
69480 299.111843109
69458 271.718025208
69458 297.001123428
69458 296.269893646
69457 309.847831726
69429 300.967931747
69417 263.085842133
69397 256.244182587
69397 290.537118912
69388 268.203020096
69388 285.414934158
69382 308.581113815
69382 290.759086609
69377 312.819957733
69377 289.11113739
69367 261.049985886
69330 261.986017227
69330 303.256988525
69330 310.073852539
69323 296.532869339
69323 258.689880371
69311 285.94493866
69311 312.621116638
69279 296.483039856
69270 260.927915573
69270 276.641845703
69270 310.924053192
69270 287.685871124
69270 286.738157272
69244 305.401802063
69240 284.363985062
69240 266.008138657
69240 275.012969971
69203 319.875955582
69203 303.475856781
69201 303.508996964
69201 310.261964798
69190 305.191993713
69184 290.117025375
69184 318.79901886
69184 299.222946167
69180 259.680986404
69147 283.755064011
69147 268.723011017
69147 253.473043442
69144 259.543180466
69144 257.842063904
69125 261.518955231
69109 257.270097733
69109 250.852823257
69109 254.882097244
69070 251.510858536
69045 266.354084015
69045 306.246995926
69036 277.870178223
69033 257.528066635
69033 252.408981323
69033 260.390043259
69033 320.215940475
69033 295.77589035
69033 311.995029449
69033 306.106805801
69033 265.080928802
69033 317.903995514
69033 286.901950836
69033 275.142908096
69033 260.382175446
69021 253.437042236
69011 255.510091782
68999 253.005027771
68990 253.991127014
68972 261.303901672
68972 253.726959229
68972 262.193918228
68972 257.807016373
68970 254.6479702
68962 253.674030304
68954 256.684064865
68954 254.971027374
68954 252.426147461
68940 257.522821426
68940 254.612922668
68940 254.155158997
68884 257.738828659
68874 265.330076218
68867 255.859136581
68831 259.168863297
68807 252.729892731
68807 252.966880798
68807 258.394956589
68777 251.774072647
68776 259.541034698
68763 258.90994072
68737 254.794836044
68729 253.727912903
68707 258.144855499
68707 261.897087097
68661 251.154184341
68641 253.43298912
68641 259.027004242
68629 253.276109695
68611 256.837129593
68611 258.327960968
68611 255.720853806
68611 257.319927216
68596 258.47697258
68596 254.056930542
68596 254.884004593
68588 277.086019516
68588 293.067216873
68574 281.615972519
68556 286.849021912
68556 277.47797966
68556 277.631044388
68556 287.31584549
68556 272.841930389
68556 259.396076202
68551 256.128072739
68551 256.702899933
68551 253.663063049
68544 252.932071686
68544 255.006074905
68514 256.620883942
68514 255.886077881
68486 253.360033035
68471 254.321813583
68471 257.157802582
68469 254.330873489
68461 256.57916069
68461 254.841089249
68441 253.621816635
68441 253.392934799
68419 253.441095352
68348 254.04214859
68348 263.813018799
68346 257.885932922
68346 259.135961533
68323 259.112119675
68303 254.305124283
68303 257.282972336
68303 259.435892105
68257 257.074117661
68257 259.081125259
68250 255.967855453
68246 264.364004135
68246 258.453845978
68246 255.102872849
68213 260.065078735
68213 255.311012268
68213 256.339073181
68189 254.812002182
68181 256.124019623
68140 256.17480278
68140 256.494045258
68140 252.436876297
68137 269.14191246
68137 303.2310009
68128 312.45803833
68128 296.050071716
68123 290.380001068
68074 266.877174377
68067 258.620023727
68067 257.443904877
68067 264.214038849
68037 258.522033691
68037 255.430221558
68037 261.937141418
68012 265.749931335
68003 255.317926407
67985 252.424001694
67982 259.873151779
67982 254.738807678
67968 256.160974503
67945 256.841182709
67922 255.821228027
67922 254.045009613
67922 258.233070374
67922 254.733800888
67919 261.380195618
67919 267.623186111
67899 257.941961288
67899 259.291172028
67886 260.886192322
67886 258.88299942
67886 259.001016617
67885 261.166095734
67885 254.286050797
67860 285.280942917
67860 298.168182373
67860 275.241851807
67860 260.333061218
67830 255.78212738
67827 253.330945969
67800 253.920078278
67800 258.576154709
67800 258.072137833
67800 255.99193573
67800 254.684925079
67800 266.381025314
67800 259.046077728
67787 258.520841599
67787 264.964818954
67787 263.431072235
67787 256.566047668
67786 263.795852661
67744 256.474971771
67723 255.32412529
67717 260.581970215
67717 257.074117661
67717 254.101991653
67717 258.660078049
67704 256.032943726
67704 255.328893661
67704 256.327152252
67686 258.824110031
67680 260.152101517
67680 254.608869553
67680 252.678155899
67680 257.135868073
67671 254.25195694
67662 260.010004044
67662 259.151935577
67653 255.016088486
67642 259.494066238
67614 253.746032715
67614 253.263950348
67609 258.673906326
67609 255.615949631
67609 267.117023468
67609 253.839969635
67552 255.195140839
67523 253.44991684
67523 257.240056992
67521 259.752988815
67521 261.813879013
67521 255.135059357
67521 268.014907837
67521 256.181955338
67513 257.77220726
67464 254.462003708
67430 263.930082321
67430 258.311986923
67430 256.654024124
67424 254.378080368
67424 254.626989365
67413 257.838010788
67413 256.865978241
67409 257.260084152
67406 272.180080414
67385 264.801025391
67352 256.516933441
67328 257.335186005
67326 258.944988251
67315 265.202999115
67269 259.882926941
67247 259.416103363
67246 259.10115242
67229 260.486125946
67229 254.672050476
67229 254.904985428
67203 257.744073868
67203 255.234956741
67137 261.261940002
67137 256.933927536
67110 256.309986115
67110 258.927106857
67110 254.128932953
67110 258.203029633
67110 259.830951691
67098 256.105184555
67098 255.321979523
67098 263.19694519
67098 255.120038986
67074 254.192113876
67047 256.756067276
67047 253.828048706
66974 262.370109558
66961 257.60602951
66951 258.79907608
66951 255.49197197
66902 258.849143982
66891 257.440090179
66891 256.75201416
66891 257.370948792
66891 260.272979736
66891 255.380153656
66865 255.17988205
66810 260.166168213
66747 258.880853653
66747 255.260944366
66714 282.862901688
66688 256.958007812
66663 258.091926575
66655 257.780075073
66655 265.17701149
66655 257.395029068
66655 261.687040329
66655 258.933067322
66655 256.418943405
66655 256.546020508
66644 258.105993271
66623 256.381988525
66607 255.923032761
66607 259.993076324
66607 256.189107895
66589 258.507966995
66577 254.691839218
66577 257.540941238
66577 258.413076401
66539 264.873981476
66510 256.676912308
66506 269.186019897
66505 256.02388382
66505 257.071018219
66482 258.60285759
66482 267.728090286
66482 258.026838303
66482 259.23204422
66482 259.593963623
66482 256.538152695
66468 258.111000061
66461 255.911111832
66461 260.136127472
66461 259.178876877
66461 259.058952332
66431 261.1079216
66421 257.215023041
66413 269.105195999
66413 258.538961411
66391 256.964921951
66391 272.234916687
66391 265.861034393
66391 260.035991669
66385 263.233184814
66381 258.992195129
66357 261.423110962
66357 257.471084595
66357 255.781888962
66350 270.977020264
66310 291.908025742
66310 285.975933075
66272 290.22192955
66262 281.520843506
66262 280.622005463
66252 278.125047684
66238 288.060188293
66238 269.579172134
66215 261.512041092
66215 259.548902512
66215 263.179063797
66190 263.964176178
66182 256.71005249
66182 255.290031433
66181 257.149934769
66095 255.329847336
66095 255.592107773
66095 258.507013321
66095 257.560014725
66095 261.459827423
66069 258.569002151
66063 256.530046463
66051 257.528066635
66045 258.276939392
66045 257.239103317
66045 258.121013641
66032 257.880926132
66028 256.201028824
66007 257.273197174
66007 265.887022018
66000 256.06584549
65990 256.994009018
65990 255.794048309
65959 260.850906372
65959 257.053852081
65918 254.549980164
65918 259.239912033
65918 257.04908371
65892 256.690979004
65874 256.304979324
65874 261.31606102
65861 260.160207748
65861 260.03408432
65856 259.756088257
65856 257.885932922
65815 255.86605072
65801 256.618976593
65753 255.659103394
65747 258.43501091
65747 259.108066559
65747 256.754875183
65747 256.858110428
65747 259.538888931
65747 262.75396347
65745 256.645917892
65733 255.72514534
65731 261.402130127
65731 257.84778595
65721 256.885051727
65721 257.186889648
65721 263.476848602
65721 254.268884659
65721 258.061170578
65717 259.200811386
65688 258.220911026
65679 257.688045502
65675 261.453866959
65675 262.183904648
65675 258.091926575
65669 256.530046463
65669 256.263017654
65669 257.73692131
65669 263.001203537
65669 256.978034973
65669 260.028123856
65660 259.154081345
65660 258.009910583
65644 257.108926773
65644 256.345033646
65594 260.261058807
65594 255.985975266
65593 261.631011963
65556 258.676052094
65556 258.781909943
65556 256.273031235
65556 255.716085434
65556 257.302999496
65548 261.063098907
65548 258.764982224
65548 255.38110733
65541 256.954193115
65541 280.452013016
65541 257.625102997
65541 256.109952927
65523 257.90810585
65523 297.475814819
65483 301.235198975
65483 303.371906281
65483 308.919906616
65483 282.17291832
65483 284.47508812
65483 263.367891312
65449 285.836935043
65449 258.347034454
65413 258.697032928
65409 258.722066879
65409 261.646032333
65352 258.0909729
65352 260.463953018
65349 265.09308815
65349 269.548892975
65293 260.011911392
65276 257.440805435
65260 261.632919312
65260 265.383958817
65256 261.863946915
65223 259.951114655
65223 259.754180908
65223 256.567955017
65223 259.431838989
65223 257.961034775
65223 257.833003998
65205 259.467124939
65179 259.84287262
65159 260.164022446
65159 262.427091599
65159 273.08511734
65159 255.315065384
65154 264.839887619
65154 259.407997131
65154 299.80802536
65144 311.620950699
65120 313.935995102
65120 268.520116806
65120 259.824991226
65114 287.68992424
65114 316.333055496
65114 277.513980865
65114 269.216060638
65114 260.71190834
65096 263.645887375
65096 261.444807053
65092 269.186973572
65092 254.615068436
65073 253.722906113
65037 255.976915359
65011 257.333993912
65002 258.881807327
65002 253.268957138
65002 256.274938583
65002 254.426002502
65002 252.931118011
64973 260.504007339
64952 256.876945496
64925 254.070997238
64925 254.137039185
64908 257.347822189
64908 258.569002151
64905 257.009983063
64879 253.216028214
64879 254.596233368
64879 259.305953979
64879 260.10799408
64836 256.232976913
64836 252.592086792
64827 253.759860992
64809 256.378173828
64805 255.881071091
64801 255.952119827
64747 255.203962326
64736 256.458044052
64736 252.641916275
64736 252.577066422
64736 255.036115646
64736 271.060943604
64736 253.549814224
64736 262.811899185
64714 256.103038788
64714 256.639003754
64714 254.972934723
64714 253.427028656
64714 254.291057587
64714 270.528793335
64684 250.987052917
64680 253.717184067
64680 255.921840668
64680 259.391069412
64666 254.450082779
64655 256.380796432
64651 257.214069366
64651 253.644943237
64651 253.533124924
64651 252.687931061
64651 258.80408287
64642 256.962060928
64642 260.363817215
64642 259.711027145
64629 257.548809052
64629 256.122112274
64577 262.294054031
64577 255.305051804
64577 256.976127625
64485 255.822896957
64485 254.366159439
64457 260.154008865
64437 257.678985596
64425 255.321025848
64401 255.136966705
64401 259.006023407
64401 263.611793518
64394 254.967212677
64379 257.391929626
64379 258.644104004
64330 255.303144455
64330 259.557962418
64330 257.115840912
64330 258.124113083
64330 274.81508255
64295 258.938789368
64295 255.646944046
64295 266.122102737
64295 256.214141846
64295 261.23714447
64288 253.601074219
64277 259.934902191
64277 259.516954422
64248 254.642963409
64248 254.004001617
64220 255.527019501
64220 273.853063583
64218 304.888010025
64187 315.658092499
64187 302.82998085
64185 278.728961945
64171 282.344102859
64171 274.402856827
64151 269.388914108
64151 271.2059021
64151 257.210969925
64151 260.421991348
64142 259.016990662
64142 299.550056458
64133 309.330940247
64133 266.674995422
64133 303.889989853
64133 270.183801651
64112 259.287118912
64112 253.77202034
64112 258.526086807
64112 258.201122284
64112 256.834983826
64112 256.6010952
64062 259.859800339
64062 255.510091782
64062 253.695011139
64055 259.990930557
64055 257.995843887
64055 262.260913849
64051 257.228851318
64045 259.662866592
64045 267.878055573
64037 260.760068893
63983 259.866952896
63980 256.806135178
63969 265.548944473
63969 256.64305687
63907 259.387969971
63893 256.559848785
63893 255.197048187
63893 261.940002441
63893 255.992889404
63893 256.334066391
63893 273.002147675
63877 281.698942184
63828 288.9149189
63811 306.991815567
63803 315.282821655
63803 301.870822906
63803 299.349069595
63803 285.73012352
63803 299.046039581
63803 292.312145233
63803 298.502922058
63803 305.716991425
63803 310.829162598
63803 292.424201965
63767 260.298967361
63742 260.097026825
63701 255.019903183
63679 255.208969116
63660 256.183862686
63660 255.270004272
63660 259.502887726
63660 258.260011673
63660 262.93182373
63660 258.768081665
63618 257.057905197
63618 255.024194717
63618 261.00897789
63610 261.307001114
63585 261.145114899
63573 254.376888275
63573 261.592149734
63573 257.67493248
63532 260.12301445
63532 256.407022476
63532 258.02898407
63532 257.688045502
63532 259.629011154
63499 258.042812347
63476 259.716033936
63474 259.611845016
63459 259.016990662
63456 259.364128113
63454 257.346868515
63431 264.611959457
63431 268.177986145
63431 264.074802399
63427 260.220050812
63419 255.826950073
63413 259.406089783
63368 260.020017624
63368 256.784200668
63368 260.897159576
63355 270.452022552
63355 259.620904922
63336 255.236148834
63307 256.032943726
63285 260.025978088
63285 268.769025803
63255 254.516839981
63239 257.227897644
63239 279.974937439
63239 259.570121765
63239 272.648096085
63235 256.510019302
63235 269.219875336
63235 254.664182663
63235 267.526865005
63235 257.180929184
63235 262.66002655
63202 255.306959152
63188 255.005121231
63188 257.050037384
63188 258.029937744
