145716 770.581007004
145702 772.166013718
145684 829.138040543
145651 811.789989471
145648 789.32094574
145606 818.795919418
145583 816.981077194
145554 785.962820053
145554 782.001972198
145554 793.98393631
145541 800.493001938
145532 791.085958481
145532 785.150051117
145482 780.08890152
145473 786.27705574
145471 791.364192963
145471 779.870033264
145471 787.389039993
145420 778.352975845
145420 798.984050751
145420 798.280954361
145409 798.572778702
145409 789.996147156
145367 823.077201843
145367 794.718980789
145333 811.548948288
145297 797.518014908
145265 792.089939117
145261 779.794931412
145261 791.949033737
145261 805.237054825
145261 783.50019455
145261 794.61979866
145241 791.204929352
145237 823.639154434
145235 853.100061417
145214 842.154026031
145205 797.017097473
145205 807.725906372
145195 839.649915695
145181 795.129060745
145166 915.013074875
145153 904.293060303
145142 902.46295929
145142 890.84982872
145142 949.491977692
145142 907.826900482
145137 945.016145706
145131 909.020900726
145131 989.771127701
145078 961.369037628
145059 897.177934647
145059 800.101995468
145049 863.201856613
145019 994.513034821
145019 1176.00417137
145019 971.698999405
145019 959.100961685
145019 954.420089722
145014 934.425830841
145006 941.926002502
144978 952.38494873
144957 951.83300972
144953 952.880144119
144953 957.841873169
144943 912.185907364
144943 940.176010132
144920 931.357860565
144920 897.227048874
144920 1002.23684311
144920 999.097108841
144920 1048.0158329
144919 1084.79595184
144919 909.587860107
144878 887.913942337
144878 906.480073929
144796 946.966171265
144796 951.711893082
144796 845.755815506
144796 864.424943924
144773 919.502019882
144773 953.973054886
144749 919.300079346
144715 948.113918304
144691 897.710084915
144658 918.079853058
144624 911.028862
144610 937.253952026
144610 936.058998108
144584 971.689939499
144557 937.211036682
144524 981.620788574
144524 916.334152222
144524 921.191215515
144524 960.608959198
144517 939.573049545
144489 961.772918701
144485 911.683082581
144485 924.19719696
144454 1084.52987671
144454 1099.81703758
144445 878.894090652
144370 991.381883621
144353 891.121864319
144353 937.928199768
144314 978.182077408
144238 940.403938293
144238 920.346975327
144236 893.653869629
144236 925.930976868
144220 905.907869339
144209 856.037139893
144209 898.176908493
144188 888.63492012
144168 873.376131058
144110 910.073041916
144110 905.443906784
144110 863.025903702
144066 884.791851044
144066 891.978025436
144066 910.673141479
144066 897.722005844
144066 912.557840347
144046 868.695020676
144046 901.832103729
144039 846.410989761
144029 800.550937653
144029 802.865028381
144029 917.109012604
144028 915.501117706
144014 869.268894196
143966 830.790042877
143966 861.583948135
143966 891.779184341
143966 900.59709549
143966 797.207832336
143966 918.050050735
143899 915.376901627
143899 930.381059647
143848 946.529865265
143848 913.802862167
143848 821.083068848
143832 839.56193924
143832 855.452060699
143832 865.975856781
143832 854.292154312
143832 836.525917053
143832 844.512224197
143818 837.053060532
143816 837.80503273
143805 826.020956039
143795 846.528053284
143795 810.352087021
143792 835.479021072
143792 850.780010223
143792 805.367231369
143737 806.338071823
143737 798.111915588
143708 834.817171097
143634 818.778038025
143623 858.363866806
143574 839.065074921
143574 813.089847565
143521 799.117088318
143521 804.132938385
143505 806.085109711
143483 799.478769302
143483 802.639007568
143458 836.533069611
143458 812.700033188
143415 826.552152634
143410 808.273077011
143410 803.298950195
143384 804.837942123
143384 797.602891922
143384 797.777175903
143384 825.110912323
143382 852.975130081
143363 829.097986221
143363 870.424032211
143342 879.878044128
143342 827.522993088
143336 833.893060684
143336 818.639993668
143336 801.872968674
143336 803.778886795
143336 807.821035385
143336 818.689823151
143326 804.417133331
143304 801.620006561
143304 796.381950378
143282 806.608915329
143257 804.188966751
143257 811.784029007
143257 797.601938248
143257 804.389953613
143219 804.342031479
143219 817.930936813
143213 796.052932739
143191 809.177875519
143191 804.147958755
143191 809.55696106
143158 795.207023621
143147 794.147968292
143147 807.392120361
143136 797.672986984
143136 799.466133118
143136 793.579816818
143132 804.83007431
143132 810.721874237
143132 808.282136917
143132 810.907125473
143127 799.75605011
143127 809.728860855
143127 796.679019928
143118 814.97502327
143101 807.533979416
143085 800.595998764
143085 795.761823654
143085 808.640956879
143076 807.067155838
143076 810.831069946
143076 799.688816071
143076 801.200866699
143023 804.877996445
143005 794.389009476
143005 798.044919968
143005 804.033041
142985 804.20589447
142985 801.290035248
142985 792.665958405
142985 797.003984451
142985 800.269126892
142967 802.561044693
142967 808.300971985
142967 797.473192215
142967 804.382801056
142929 795.026063919
142929 805.127859116
142906 795.870065689
142862 800.586938858
142845 810.9998703
142828 840.533018112
142828 815.936088562
142828 818.836927414
142828 819.494009018
142819 801.064014435
142772 808.758974075
142699 806.100845337
142671 801.26786232
142671 801.721096039
142667 803.322792053
142664 800.046205521
142664 792.309999466
142662 800.911903381
142624 801.666021347
142572 806.802988052
142564 799.053907394
142560 799.309968948
142543 825.792074203
142543 797.883033752
142519 802.242994308
142519 796.283006668
142519 794.042825699
142511 793.689012527
142493 804.165124893
142493 807.740926743
142489 813.467979431
142459 802.26111412
142459 813.779830933
142448 801.97095871
142448 801.007032394
142448 802.125930786
142428 802.264928818
142428 804.871797562
142428 804.388999939
142402 804.462909698
142385 798.575162888
142385 797.158956528
142385 806.823015213
142363 806.95605278
142363 800.252199173
142362 804.670095444
142362 794.229984283
142360 801.142215729
142360 797.256946564
142317 803.730964661
142308 805.999994278
142308 798.54798317
142308 809.610843658
142299 809.34715271
142263 806.730031967
142263 813.155174255
142263 807.097911835
142256 802.479028702
142256 799.799919128
142256 804.2781353
142256 809.239864349
142239 807.069063187
142239 814.116954803
142239 811.332941055
142187 802.469015121
142187 804.555177689
142119 795.508146286
142119 797.454833984
142119 814.201116562
142119 828.927993774
142111 808.527946472
142111 792.2539711
142111 808.552026749
142111 799.84498024
142105 802.451848984
142105 803.65896225
142105 810.775995255
142088 814.467906952
142088 809.121847153
142061 822.467088699
142032 815.284967422
141994 814.605951309
141994 828.420162201
141961 862.198829651
141961 850.011110306
141952 937.502861023
141907 934.991836548
141894 927.992105484
141894 975.857019424
141888 914.311885834
141888 868.709087372
141888 813.139915466
141888 812.999010086
141853 809.947013855
141853 861.746072769
141816 802.954912186
141788 879.732131958
141788 902.639865875
141788 949.984073639
141788 1109.18307304
141788 956.891059875
141788 940.044164658
141788 849.920034409
141764 940.201044083
141764 916.523933411
141764 964.339971542
141764 921.70214653
141759 905.097007751
141743 850.983858109
141733 931.954145432
141719 936.017036438
141719 970.911979675
141719 901.262044907
141695 878.928899765
141677 858.7911129
141657 917.233943939
141657 933.432102203
141649 930.548906326
141639 907.341003418
141603 932.668924332
141597 910.783052444
141562 909.722089767
141562 945.050001144
141562 924.62515831
141562 890.22397995
141562 853.191137314
141562 913.706064224
141534 855.47709465
141484 925.909042358
141484 960.005998611
141484 882.295131683
141466 929.816007614
141422 808.923006058
141418 876.699924469
141418 965.641021729
141403 910.560846329
141403 903.091192245
141403 842.279195786
141403 801.430940628
141403 818.891048431
141387 800.137996674
141387 792.361021042
141359 843.615055084
141359 821.968078613
141359 896.147966385
141293 794.481039047
141293 806.15401268
141293 863.190889359
141200 867.264986038
141164 827.069997787
141141 813.202142715
141138 789.883136749
141138 855.070829391
141127 933.921098709
141112 901.584863663
141045 899.991035461
141045 892.913818359
141045 915.236949921
141045 899.158000946
141045 829.082965851
141031 820.739984512
141031 807.235956192
141031 818.426132202
141029 854.349136353
141029 950.300931931
141026 875.2348423
141026 858.961105347
141026 922.67203331
141026 859.784126282
141026 866.813898087
140990 855.306148529
140990 848.937988281
140970 819.342136383
140970 915.385007858
140960 799.840927124
140938 872.532844543
140938 874.757051468
140895 935.787916183
140869 981.843948364
140869 856.265068054
140863 804.533958435
140851 792.498826981
140847 808.532953262
140847 801.476955414
140847 796.907186508
140828 809.461116791
140827 793.473005295
140792 797.034025192
140777 806.4930439
140777 800.387144089
140723 792.912006378
140718 824.273109436
140718 811.473846436
140718 801.671981812
140718 793.683052063
140718 797.488927841
140699 830.734968185
140699 904.932022095
140682 914.402961731
140674 936.038017273
140672 895.689964294
140672 825.344085693
140672 817.628860474
140672 794.428110123
140656 820.003032684
140614 882.816076279
140614 862.979888916
140614 797.774076462
140614 796.664953232
140596 786.197900772
140564 804.099082947
140564 808.066129684
140488 796.414852142
140470 861.268043518
140470 842.67115593
140470 794.203996658
140452 808.731079102
140408 802.264213562
140403 864.96591568
140392 882.961988449
140360 828.648090363
140343 803.451061249
140343 802.485227585
140343 792.238950729
140302 788.440942764
140301 793.699979782
140301 799.995183945
140286 808.332920074
140286 790.305137634
140284 798.760890961
140265 796.755075455
140265 799.76606369
140245 789.602994919
140213 793.694972992
140213 800.129890442
140194 790.068149567
140194 795.433044434
140194 796.519994736
140194 791.032075882
140194 784.258127213
140194 801.717996597
140185 817.983150482
140185 803.369998932
140185 797.724962234
140176 800.062894821
140176 792.799949646
140174 794.757843018
140154 805.928945541
140114 793.745994568
140111 790.539979935
140060 793.0560112
140045 792.619943619
140045 794.460058212
140026 787.759780884
140026 804.29816246
140026 795.580863953
140015 801.212072372
140015 792.191982269
140008 792.559146881
140008 798.35486412
139997 788.922071457
139997 785.825014114
139986 797.932863235
139986 787.727117538
139977 794.515132904
139972 792.024850845
139972 792.563915253
139960 799.946069717
139946 791.415929794
139946 794.651031494
139905 798.612117767
139905 787.446022034
139886 796.950101852
139886 788.296937943
139886 791.207790375
139876 796.706199646
139876 798.620939255
139876 784.622192383
139876 793.36309433
139800 802.829027176
139786 797.318935394
139786 793.952941895
139772 801.342964172
139772 793.814897537
139761 799.343824387
139749 788.951158524
139749 784.617900848
139748 788.53392601
139748 796.7710495
139748 808.005094528
139737 809.293031693
139694 799.591064453
139694 797.069072723
139694 849.567890167
139694 858.741998672
139677 843.702077866
139677 790.178060532
139677 797.863006592
139659 791.28408432
139659 795.032978058
139659 792.649030685
139659 794.111013412
139638 796.937942505
139599 797.84321785
139582 789.083003998
139582 798.837184906
139582 796.679973602
139582 790.081977844
139582 794.937849045
139582 786.525964737
139527 794.729948044
139489 791.328191757
139489 791.244029999
139489 832.976102829
139489 797.512054443
139489 792.845964432
139485 1320.78003883
139485 792.473077774
139477 795.433998108
139458 807.775020599
139458 793.212890625
139458 798.670053482
139458 797.296047211
139458 817.782878876
139458 797.816991806
139436 796.411991119
139436 803.656101227
139436 797.062158585
139436 793.267011642
139434 798.961162567
139411 790.171146393
139404 793.678998947
139382 796.315193176
139378 791.517019272
139376 796.168088913
139367 792.186021805
139332 804.811954498
139332 787.591934204
139315 800.616979599
139296 799.858093262
139296 793.175935745
139296 798.30789566
139296 796.99921608
139296 799.435138702
139296 815.261125565
139296 796.913862228
139296 802.058935165
139296 792.949914932
139296 790.977954865
139296 791.995048523
139296 793.365001678
139289 798.974990845
139230 792.3848629
139215 790.148973465
139206 795.801877975
139206 794.614076614
139197 797.533988953
139180 793.003797531
139162 799.533128738
139162 798.2878685
139151 805.517911911
139151 800.879001617
139145 809.478998184
139145 802.576065063
139104 810.178041458
139095 796.078920364
139060 794.33298111
139060 849.520921707
139007 872.910022736
139007 851.418972015
139007 810.495853424
138990 816.447973251
138990 809.323072433
138984 795.484781265
138984 800.075054169
138984 796.200990677
138957 793.927907944
138933 799.17883873
138932 794.193029404
138932 796.479940414
138932 793.985128403
138913 803.595066071
138901 802.07490921
138898 793.720006943
138898 800.747156143
138880 791.09621048
138876 788.062095642
138863 796.965837479
138850 799.839019775
138850 801.361083984
138843 797.31798172
138804 804.69918251
138804 795.161008835
138804 793.48897934
138792 810.951948166
138791 797.54114151
138780 799.772977829
138745 806.349992752
138716 793.496847153
138716 793.467998505
138716 794.103145599
138707 797.49083519
138707 801.750183105
138690 794.216871262
138683 797.618150711
138683 796.24915123
138683 795.800924301
138663 793.422937393
138663 788.383960724
138655 801.893949509
138655 796.815872192
138652 804.081916809
138652 794.189929962
138588 794.924020767
138588 793.207168579
138588 801.877975464
138588 789.622068405
138582 796.318054199
138582 798.423051834
138582 793.132066727
138535 786.757946014
138505 792.976856232
138467 791.528940201
138467 803.52807045
138454 798.938989639
138380 810.225009918
138371 808.15911293
138349 795.180797577
138349 804.213047028
138349 803.273916245
138333 795.540094376
138331 795.716047287
138328 787.060976028
138305 800.032138824
138272 792.668819427
138249 803.30491066
138249 795.050144196
138249 802.823066711
138249 816.509962082
138249 804.530143738
138194 802.982091904
138182 803.411006927
138137 817.468881607
138135 859.54785347
138111 857.331991196
138045 813.232183456
138015 801.12195015
137969 789.296865463
137969 793.17688942
137969 796.576023102
137966 797.729969025
137966 810.179948807
137927 834.560871124
137927 805.003166199
137891 794.182062149
137891 839.555025101
137864 805.754899979
137834 803.750991821
137818 799.129962921
137817 799.275875092
137794 794.369935989
137780 817.242860794
137756 824.604988098
137756 797.867059708
137740 800.844907761
137733 811.39588356
137733 798.798084259
137722 800.076007843
137708 803.908109665
137708 810.060977936
137684 817.281007767
137684 803.159952164
137684 803.824186325
137672 793.071985245
137623 799.00598526
137586 801.898002625
137586 809.478998184
137586 798.107862473
137586 802.34503746
137586 802.309989929
137586 797.53613472
137586 795.928955078
137570 799.612998962
137561 794.214963913
137561 820.335865021
137550 833.60004425
137550 847.681999207
137515 866.910934448
137515 798.788070679
137479 800.660848618
137479 804.221153259
137479 795.888900757
137479 795.800924301
137479 808.050870895
137444 800.831079483
137419 797.242879868
137419 799.905061722
137372 804.289102554
137312 807.201147079
137281 802.398920059
137266 805.178880692
137266 803.070068359
137266 799.450874329
137266 818.837881088
137266 803.313016891
137266 797.507047653
137259 792.346954346
137254 800.315856934
137254 808.856010437
137225 807.555913925
137225 793.563842773
137225 796.752929688
137225 816.50185585
137203 803.666114807
137203 800.700187683
137203 791.387081146
137182 816.53881073
137182 994.594097137
137182 870.527029037
137182 830.904960632
137182 821.912050247
137136 817.551851273
137136 815.117120743
137136 808.481931686
137135 815.899133682
137135 805.460929871
137135 804.873943329
137135 805.621147156
137131 807.087898254
137130 807.3990345
137130 809.495925903
137120 829.219102859
137106 800.764799118
137106 820.512056351
137084 811.445951462
137082 796.128988266
137082 813.641786575
137082 808.720111847
137082 810.429811478
137082 807.073116302
137082 812.23988533
137071 817.237854004
137064 819.538831711
137064 808.166980743
137064 813.510894775
137064 807.210922241
137064 805.852890015
137064 813.353061676
137064 805.500984192
137064 811.676979065
137064 808.885097504
137040 836.118221283
137040 809.604167938
137014 820.043087006
137011 808.175086975
137011 825.089931488
137011 816.657066345
137011 829.257965088
137011 848.526954651
137011 858.409881592
137011 840.320110321
136989 821.365118027
136989 822.075128555
136989 848.694086075
136988 839.673042297
136988 807.365179062
136980 803.458929062
136980 819.782972336
136980 817.556858063
136961 814.30721283
136932 819.399118423
136920 820.220947266
136887 821.364879608
136883 829.89192009
136883 863.943099976
136876 838.567018509
136876 835.516929626
136876 842.23484993
136852 819.638967514
136837 845.60918808
136812 805.449962616
136812 829.169034958
136782 824.3060112
136751 807.293176651
136725 809.942007065
136709 818.078041077
136703 818.485021591
136698 828.088998795
136698 801.126003265
136694 811.859846115
136694 861.085891724
136694 840.242147446
136677 837.140798569
136677 810.408115387
136677 811.97810173
136677 817.490100861
136666 821.285009384
136657 813.749074936
136657 805.760860443
136657 814.908027649
136657 810.542106628
136657 818.229913712
136616 812.191963196
136600 822.621107101
136600 813.485860825
136600 807.8789711
136599 816.411972046
136599 810.765028
136576 802.811145782
136576 810.370922089
136569 820.090055466
136569 815.285205841
136564 830.044984818
136564 821.37298584
136556 808.733940125
136548 814.120054245
136545 814.341783524
136545 810.858011246
136508 811.208963394
136508 821.081161499
136508 813.699007034
136499 805.140972137
136499 807.512998581
136471 816.05219841
136459 798.893213272
136424 811.790943146
136398 791.661977768
136382 809.437990189
136380 815.202951431
136364 805.712938309
136285 814.085960388
136285 805.886030197
136273 817.828893661
136271 809.559106827
136271 812.416791916
136271 811.655044556
136271 813.70306015
136228 809.639930725
136228 808.726072311
136228 809.223890305
136228 808.58707428
136228 808.372020721
136173 800.10509491
136154 814.256906509
136154 811.920881271
136154 812.912940979
136154 823.436975479
136154 816.753864288
136154 809.401988983
136145 811.415195465
136130 815.778970718
136130 809.924840927
136130 815.55390358
136069 805.407047272
136069 814.636945724
136048 808.216094971
136032 810.450077057
136032 803.368806839
136032 801.997184753
136006 824.314117432
136006 819.026947021
135982 806.799173355
135954 810.846805573
135954 819.679021835
135954 831.036090851
135939 829.050064087
135918 814.397096634
135918 817.853927612
135918 805.103063583
135888 803.919792175
135888 803.564071655
135863 815.325021744
135863 828.592061996
135863 823.240041733
135860 812.350988388
135845 803.986787796
135845 812.448978424
135818 803.385972977
135808 806.229829788
135787 802.273035049
135763 801.283836365
135733 811.578989029
135648 821.27904892
135636 803.887844086
135617 805.387973785
135617 816.612958908
135601 810.7380867
135601 814.846992493
135601 812.361001968
135601 819.577217102
135601 817.156076431
135601 808.200836182
135601 810.753107071
135583 805.559873581
135550 805.454015732
135542 799.387931824
135542 831.426143646
135520 870.608091354
135520 861.95898056
135520 873.183965683
135520 857.45716095
135520 852.375984192
135520 855.235099792
135520 811.35892868
135520 813.709020615
135510 829.848051071
135505 812.410831451
135437 803.487062454
135424 819.528102875
135417 806.580066681
135417 811.456918716
135417 815.961122513
135417 819.700956345
135417 806.980848312
135417 817.355155945
135397 812.337875366
135397 805.722951889
135397 826.045036316
135397 848.065137863
135363 826.588153839
135339 832.967042923
135339 840.683937073
135339 853.790044785
135326 829.94389534
135326 824.797868729
135326 827.693939209
135314 852.244138718
135314 833.80484581
135289 834.753990173
135249 828.707933426
135240 818.556785583
135208 826.061964035
135176 852.782964706
135154 865.957021713
135113 910.315990448
135113 935.579061508
135113 908.508062363
135093 940.581083298
135074 887.434005737
135039 817.152023315
135023 806.339025497
135019 808.452129364
135010 804.457902908
135001 807.265043259
135001 793.792963028
134982 810.027837753
134949 807.543992996
134931 890.733003616
134931 800.83489418
134915 811.289072037
134885 819.572925568
134885 822.535037994
134885 813.91787529
134885 815.033197403
134885 803.516149521
134885 798.431158066
134885 804.270982742
134885 802.449941635
134885 902.049064636
134858 960.36195755
134846 917.475223541
134844 954.562902451
134844 905.629873276
134844 912.935972214
