298644 2859.42006111
298624 2770.12610435
298605 2481.53114319
298576 2456.2702179
298576 2483.42299461
298556 2461.95101738
298498 2477.0128727
298498 2471.08507156
298498 2475.40187836
298485 2498.82483482
298462 2433.2678318
298448 2461.4470005
298448 2567.48604774
298445 2481.3580513
298442 2450.34408569
298436 2518.64695549
298436 2786.70501709
298428 2789.40105438
298428 2764.86992836
298420 2671.81491852
298420 2474.62511063
298399 2471.09103203
298399 2503.50904465
298395 2498.85010719
298395 2518.93591881
298373 2488.55304718
298368 2503.96895409
298368 2489.84408379
298359 2527.42099762
298350 2521.58284187
298350 2500.50711632
298350 2454.79893684
298339 2444.84400749
298333 2447.3490715
298333 2525.6960392
298298 2495.79191208
298281 2599.18689728
298265 2461.37595177
298246 2432.14702606
298229 2461.3609314
298208 2436.91897392
298189 2468.18709373
298174 2440.04487991
298166 2470.49212456
298166 2724.0691185
298165 2449.56994057
298165 2643.51010323
298162 2531.06093407
298154 2652.06313133
298154 2443.2849884
298134 2549.11088943
298096 2598.28400612
298096 2622.97201157
298085 2681.03194237
298021 2641.39795303
297978 2758.15296173
297978 2723.16598892
297977 2596.87495232
297977 2681.13303185
297977 2758.71014595
297925 2724.66683388
297919 2737.69307137
297919 2764.92500305
297912 2691.45107269
297912 2665.94195366
297912 2679.84604836
297912 2760.36310196
297912 2669.75498199
297885 2693.86291504
297885 2433.80117416
297885 2450.50191879
297885 2510.78915596
297848 2809.61203575
297848 2596.45009041
297845 2749.23610687
297845 2678.99298668
297806 2677.15620995
297754 2710.75797081
297754 2805.18603325
297754 2869.83704567
297700 2824.25999641
297700 2760.43796539
297691 2757.54714012
297637 2736.31191254
297614 2765.26093483
297603 2776.77702904
297594 2672.35088348
297593 2696.76494598
297593 2686.72013283
297584 2699.94401932
297580 2731.03094101
297580 2724.22480583
297580 2687.07895279
297580 2745.58401108
297567 2662.63008118
297567 2658.60199928
297567 2622.24984169
297566 2774.17206764
297566 2711.28416061
297488 2619.76909637
297488 2456.31504059
297465 2461.9820118
297446 2461.23886108
297441 2582.50904083
297441 2626.33395195
297436 2453.61590385
297435 2469.25497055
297390 2494.27485466
297390 2450.2799511
297363 2449.14293289
297335 2456.74610138
297319 2452.36897469
297312 2439.83507156
297234 2441.38908386
297229 2455.99102974
297164 2437.4229908
297164 2444.31090355
297144 2421.93388939
297137 2442.27790833
297137 2448.55213165
297131 2438.75098228
297131 2432.99984932
297131 2437.77394295
297129 2432.87992477
297117 2441.6410923
297117 2447.20482826
297115 2444.24986839
297115 2440.1011467
297115 2539.92009163
297115 2497.86496162
297042 2431.01191521
297024 2448.81701469
297024 2426.09810829
297024 2445.16992569
297024 2436.43712997
296995 2433.28785896
296995 2441.17021561
296991 2434.47995186
296991 2431.44392967
296948 2443.61805916
296948 2441.57314301
296948 2426.32889748
296917 2439.70608711
296915 2451.52497292
296915 2443.7789917
296885 2437.92486191
296885 2444.50902939
296885 2426.85198784
296872 2443.86696815
296872 2449.35512543
296806 2446.39897346
296749 2452.82793045
296749 2443.54987144
296727 2574.06902313
296710 2454.30994034
296710 2443.37105751
296710 2432.61909485
296627 2434.04102325
296622 2456.35890961
296622 2436.09499931
296610 2456.88700676
296555 2449.16915894
296555 2432.6031208
296553 2439.03803825
296538 2436.59806252
296518 2437.74914742
296506 2436.89703941
296470 2437.31284142
296458 2441.52808189
296452 2439.12792206
296414 2447.11303711
296414 2448.11296463
296414 2439.91994858
296414 2462.57710457
296393 2443.8829422
296393 2442.65699387
296393 2444.37789917
296393 2536.66186333
296392 2513.97895813
296389 2445.49298286
296382 2440.80281258
296382 2448.99988174
296377 2439.75901604
296377 2445.66702843
296353 2458.46700668
296353 2451.91192627
296353 2433.45308304
296353 2439.92590904
296353 2451.16281509
296315 2462.33081818
296308 2436.21921539
296308 2447.23677635
296295 2421.46205902
296282 2446.12193108
296282 2452.43000984
296282 2440.30094147
296272 2441.79296494
296272 2443.61805916
296264 2435.8420372
296245 2445.41096687
296245 2454.67996597
296245 2441.57195091
296238 2582.97204971
296226 2462.48722076
296226 2432.74998665
296142 2442.66414642
296142 2445.83201408
296103 2445.71590424
296073 2434.46207047
296073 2473.97208214
296073 2438.01116943
296073 2428.96699905
296062 2464.65086937
296062 2439.94092941
296031 2448.79102707
296019 2439.88800049
295998 2448.96602631
295998 2432.90996552
295942 2444.58913803
295942 2436.80715561
295937 2443.06778908
295925 2606.25815392
295873 2448.03905487
295873 2483.91103745
295786 2442.30604172
295786 2448.56595993
295786 2544.61812973
295781 2510.94698906
295730 2433.40301514
295730 2435.83989143
295730 2438.33303452
295730 2450.60706139
295730 2448.84300232
295719 2453.43804359
295706 2442.85702705
295706 2438.79890442
295700 2447.57294655
295700 2437.27111816
295700 2438.6909008
295700 2433.7348938
295700 2442.7189827
295681 2430.68790436
295675 2443.4928894
295675 2442.87014008
295664 2436.17010117
295635 2447.13902473
295635 2445.66702843
295626 2446.78401947
295610 2454.86307144
295586 2452.42881775
295581 2445.68800926
295557 2676.54418945
295546 2607.48887062
295546 2473.41895103
295546 2466.79997444
295527 2434.62109566
295522 2459.26809311
295492 2477.13804245
295489 2462.40615845
295477 2439.37897682
295447 2448.24504852
295406 2420.78495026
295406 2438.35902214
295395 2438.21597099
295388 2447.64995575
295377 2441.36595726
295357 2451.22599602
295338 2439.69392776
295301 2429.68201637
295292 2447.61300087
295292 2438.91787529
295292 2438.88401985
295292 2441.50400162
295222 2435.56284904
295222 2456.44021034
295222 2591.13383293
295136 2459.11502838
295101 2437.31307983
295101 2438.87090683
295084 2443.18604469
295084 2441.53308868
295084 2446.43306732
295064 2440.28902054
295064 2455.34300804
295064 2432.36708641
295064 2429.37207222
295021 2445.03688812
294994 2443.55416298
294978 2440.29593468
294967 2442.5110817
294929 2449.45216179
294920 2440.21987915
294920 2435.99414825
294920 2447.17097282
294904 2440.05298615
294904 2453.04512978
294904 2459.4669342
294904 2426.17511749
294884 2465.47484398
294884 2534.79409218
294884 2533.82587433
294875 2453.41610909
294875 2445.87492943
294864 2444.32210922
294864 2443.12787056
294864 2446.53296471
294846 2444.02217865
294778 2445.95694542
294778 2431.94198608
294778 2435.2710247
294727 2456.05993271
294683 2444.94915009
294667 2431.38885498
294630 2603.32608223
294590 2780.54094315
294590 2790.39502144
294554 2668.83206367
294532 2503.76796722
294511 2623.05092812
294511 2677.17981339
294511 2826.91192627
294511 2451.92599297
294500 2444.20599937
294489 2554.31008339
294489 2505.66887856
294489 2458.05501938
294479 2462.87703514
294474 2442.22402573
294456 2456.26211166
294456 2442.39997864
294423 2605.0260067
294418 2457.56983757
294397 2458.98604393
294397 2476.87196732
294397 2445.10602951
294397 2461.14993095
294397 2461.32397652
294397 2456.2189579
294372 2464.14399147
294357 2443.33195686
294357 2447.5030899
294347 2450.69694519
294347 2437.5629425
294347 2460.51001549
294306 2436.3079071
294290 2440.89198112
294281 2438.86113167
294268 2535.55893898
294268 2606.33993149
294268 2446.4571476
294230 2456.36582375
294230 2449.81884956
294219 2438.85087967
294166 2456.27713203
294155 2429.74305153
294145 2442.20995903
294111 2445.68300247
294111 2436.32292747
294042 2442.3251152
294042 2443.04203987
294042 2448.9171505
294042 2437.95895576
294033 2452.83007622
294033 2449.34105873
293949 2434.74602699
293899 2445.08600235
293899 2444.2679882
293899 2436.92588806
293852 2447.67308235
293837 2438.90190125
293837 2457.88502693
293837 2478.32798958
293793 2582.92102814
293793 2475.53086281
293793 2446.24209404
293793 2446.1979866
293793 2433.02106857
293788 2445.7321167
293788 2447.55101204
293788 2445.85990906
293788 2447.7159977
293750 2434.65399742
293702 2441.08486176
293661 2456.01296425
293657 2438.79199028
293598 2438.24982643
293593 2445.25885582
293559 2445.87683678
293539 2439.13006783
293539 2455.9481144
293539 2430.341959
293502 2443.62902641
293478 2454.35404778
293478 2446.61879539
293478 2437.77680397
293478 2451.67589188
293474 2504.5170784
293464 2541.97597504
293458 2449.45597649
293440 2436.01584435
293440 2451.74407959
293434 2454.72288132
293423 2439.04590607
293423 2445.2559948
293423 2445.1649189
293409 2447.03722
293409 2436.15102768
293409 2446.54893875
293409 2441.8399334
293390 2443.40014458
293390 2437.89100647
293383 2437.75296211
293341 2445.38211823
293341 2438.61889839
293338 2444.83208656
293325 2447.43800163
293319 2448.8389492
293304 2454.57315445
293289 2446.49195671
293285 2451.78389549
293278 2461.99584007
293278 2574.93209839
293278 2467.82493591
293270 2444.70596313
293257 2449.07593727
293237 2463.08088303
293237 2629.43720818
293210 2434.42296982
293195 2460.65092087
293195 2439.28289413
293195 2450.40202141
293189 2440.32216072
293189 2443.50790977
293189 2438.68279457
293189 2445.97411156
293112 2443.4068203
293085 2445.77288628
293085 2446.07806206
293075 2434.69905853
293045 2445.05906105
293045 2452.82292366
292994 2438.2789135
292992 2462.42594719
292992 2452.87799835
292942 2460.11900902
292942 2541.49699211
292942 2501.00207329
292930 2436.06901169
292930 2453.89318466
292900 2451.00998878
292827 2447.48878479
292827 2439.98003006
292827 2435.90807915
292796 2449.31697845
292709 2449.35894012
292709 2451.52211189
292709 2454.25391197
292699 2442.98100471
292678 2448.18592072
292673 2452.85606384
292627 2453.34482193
292619 2445.78504562
292617 2444.16809082
292617 2438.05384636
292607 2454.0719986
292607 2445.29604912
292549 2460.24799347
292522 2441.07794762
292522 2462.84508705
292462 2448.88997078
292419 2584.78307724
292419 2435.84990501
292412 2432.07097054
292412 2449.92494583
292408 2447.17288017
292408 2449.12910461
292387 2461.76099777
292387 2440.89603424
292363 2450.47998428
292363 2458.21499825
292363 2457.18502998
292331 2453.18198204
292331 2450.93894005
292331 2445.41501999
292311 2453.97114754
292305 2457.72409439
292305 2445.29914856
292305 2454.00285721
292299 2447.36909866
292270 2454.15902138
292248 2444.15283203
292248 2454.29587364
292248 2459.0139389
292227 2443.92704964
292227 2566.90979004
292219 2495.34702301
292198 2447.8199482
292102 2464.78891373
292102 2438.95196915
292102 2445.90592384
292102 2456.91394806
292102 2439.80193138
292097 2446.77591324
292097 2452.31389999
292079 2451.26199722
292079 2471.30298615
292079 2463.77086639
292055 2449.24902916
292055 2444.69809532
292035 2453.18603516
292023 2453.91583443
292023 2482.8209877
292017 2444.86880302
292000 2485.81600189
292000 2444.67186928
292000 2623.23594093
292000 2451.48301125
292000 2474.807024
292000 2495.58711052
291994 2537.72807121
291994 2443.598032
291994 2448.88615608
291991 2455.03497124
291991 2454.61297035
291966 2437.23797798
291953 2437.57295609
291953 2460.55603027
291936 2451.20096207
291933 2455.74903488
291933 2440.1922226
291870 2454.29992676
291870 2463.65308762
291858 2445.61195374
291858 2447.12305069
291858 2443.79091263
291858 2437.02816963
291858 2434.04698372
291801 2445.16992569
291801 2434.38506126
291788 2461.31396294
291761 2456.76398277
291760 2445.02806664
291760 2463.39583397
291760 2563.94100189
291760 2462.91089058
291754 2447.88694382
291754 2448.62794876
291718 2450.42800903
291711 2449.89800453
291704 2450.4570961
291704 2439.37897682
291704 2447.19600677
291704 2438.14301491
291692 2447.99900055
291643 2832.00192451
291640 2653.89800072
291640 2705.93905449
291640 2569.63300705
291640 2609.45105553
291633 2545.03798485
291633 2547.94692993
291607 2556.19502068
291589 2579.88786697
291589 2578.09686661
291589 2637.40181923
291589 2721.69709206
291588 2809.17906761
291565 2704.19311523
291514 2776.30400658
291512 2693.69006157
291494 2749.0670681
291482 2696.17414474
291476 2754.40812111
291476 2700.20198822
291459 2724.27296638
291459 2713.99593353
291459 2740.59605598
291445 2701.07507706
291445 2725.00395775
291445 2681.06007576
291445 2736.08899117
291429 2690.69695473
291429 2752.54487991
291429 2714.34402466
291429 2731.58383369
291429 2827.52108574
291429 2758.59713554
291429 2757.77697563
291429 2760.36190987
291429 2726.70102119
291427 3150.34794807
291411 2985.66699028
291411 3009.37318802
291392 2917.00601578
291337 2964.94793892
291333 2847.12100029
291321 2761.00301743
291320 3091.84908867
291320 2719.33603287
291313 3053.14517021
291313 2689.14294243
291313 2750.23794174
291305 2689.59784508
291244 2772.39894867
291244 2753.63397598
291237 2828.89699936
291227 2757.2259903
291227 2863.61908913
291184 2723.05107117
291158 2755.26094437
291142 2676.8040657
291142 2793.68400574
291142 2682.98697472
291132 2807.39307404
291132 2661.32497787
291132 2726.49216652
291123 2698.28391075
291063 2745.43714523
291040 2732.9249382
291040 2842.09799767
291040 2719.51699257
291040 2716.97902679
291022 2670.76897621
290992 2780.4889679
290992 2693.26996803
290992 2748.60787392
290992 2732.78212547
290989 2762.69888878
290974 2671.39792442
290974 2756.8089962
290962 2692.99888611
290950 2744.71688271
290950 2706.55298233
290948 2756.0839653
290948 2702.80504227
290948 2734.00092125
290948 2701.05409622
290948 2714.02001381
290948 2694.64588165
290948 2728.42907906
290907 2707.228899
290894 2800.7941246
290894 2739.05920982
290891 2787.83798218
290840 2704.78200912
290840 2760.5650425
290838 2735.2399826
290838 2731.80794716
290838 2707.75699615
290805 2719.47312355
290780 2729.8848629
290780 2692.17801094
290780 2707.82709122
290780 2729.35199738
290780 2730.13997078
290780 2719.65289116
290766 2731.64010048
290762 2735.36801338
290710 2716.83812141
290701 2713.63711357
290701 2745.81217766
290698 2718.12605858
290651 2752.61902809
290651 2708.33110809
290643 2743.33500862
290643 2739.41206932
290643 2693.14312935
290624 2706.14504814
290624 2767.45009422
290624 2733.01100731
290571 2741.19901657
290558 2703.78398895
290558 2687.88504601
290558 2693.38011742
290558 2704.16903496
290558 2707.40890503
290497 2750.81300735
290485 2679.52203751
290473 2751.99890137
290467 2919.68417168
290467 2792.85693169
290442 2739.78209496
290439 2750.98705292
290431 2716.19009972
290424 2714.97416496
290424 2668.94102097
290401 2717.31114388
290393 2651.58605576
290390 2738.23094368
290349 2707.1518898
290316 2697.83091545
290316 2665.92216492
290316 2716.18294716
290240 2699.15890694
290237 2714.85805511
290176 2664.31212425
290162 2744.73905563
290152 2709.43188667
290147 2780.84397316
290120 2683.01987648
290120 2769.79589462
290111 2733.36195946
290079 2755.66601753
290079 2704.68306541
290066 2763.17501068
290055 2702.57806778
290055 2729.24518585
290055 2685.62912941
290055 2737.6909256
290055 2683.35819244
290055 2711.3699913
290055 2700.03795624
290035 2760.98704338
289989 2703.36103439
289989 2724.6530056
289989 2895.57600021
289989 3053.34997177
289988 2672.02687263
289988 2632.36904144
289967 2519.74797249
289945 2572.60584831
289935 2451.25889778
289906 2459.40995216
289859 2456.25710487
289859 2420.82905769
289853 2453.68409157
289853 2460.62397957
289853 2464.61415291
289834 2444.31400299
289834 2471.85182571
289834 2451.63321495
289808 2466.16482735
289801 2446.23208046
289788 2455.70802689
289788 2448.8260746
289777 2452.68392563
289755 2450.93894005
289755 2441.07294083
289742 2463.84501457
289742 2457.62109756
289742 2451.72119141
289692 2455.63793182
289692 2575.53505898
289685 2499.24206734
289685 2567.26408005
289685 2456.35008812
289685 2457.22103119
289685 2457.94296265
289685 2452.24094391
289685 2455.51490784
289666 2463.04798126
289647 2458.46891403
289647 2448.45199585
289647 2444.19312477
289647 2453.06587219
289647 2457.08107948
289647 2444.65494156
289647 2451.40910149
289623 2450.64997673
289622 2457.60703087
289622 2448.66204262
289618 2455.19804955
289618 2450.99186897
289606 2426.36013031
289606 2470.99900246
289606 2442.68012047
289598 2444.20003891
289561 2471.16613388
289493 2568.55297089
289484 2490.75198174
289484 2442.7959919
289477 2442.96598434
289461 2443.05801392
289461 2465.57688713
289461 2451.95317268
289461 2450.13594627
289461 2468.93215179
289461 2445.56903839
289461 2444.52786446
289458 2458.796978
289458 2449.24497604
289433 2450.80804825
289433 2447.09801674
289433 2443.84884834
289433 2447.69597054
289411 2619.42100525
289411 2456.5179348
289406 2452.18014717
289361 2469.6829319
289361 2453.64999771
289361 2455.02710342
289328 2464.3228054
289328 2517.57907867
289328 2553.36284637
289328 2453.09996605
289301 2446.33984566
289301 2441.01285934
289301 2434.9489212
289273 2435.5340004
289273 2447.23415375
289273 2448.45604897
289273 2449.88894463
289273 2455.9879303
289261 2464.15281296
289261 2444.45514679
289261 2442.78097153
289250 2452.04782486
289250 2438.78507614
289250 2454.40506935
289228 2447.19099998
289228 2445.38021088
289186 2452.80385017
289186 2461.92598343
289186 2440.56606293
289177 2460.99495888
289113 2439.94998932
289070 2462.39089966
289046 2591.86720848
289046 2473.90079498
289045 2461.57193184
289045 2439.77594376
289040 2456.67099953
289009 2437.24894524
289000 2443.69292259
289000 2449.00178909
288965 2453.50694656
288961 2446.36797905
288953 2450.63018799
288953 2444.0472126
288953 2443.03679466
288946 2445.33991814
288946 2448.99082184
288946 2455.91688156
288940 2446.45500183
288940 2432.96813965
288928 2451.82394981
288922 2472.99909592
288922 2453.02796364
288895 2462.3401165
288883 2450.45208931
288879 2448.08220863
288879 2536.1161232
288879 2534.05189514
288843 2442.2249794
288773 2447.60704041
288773 2449.45597649
288773 2446.50197029
288773 2450.31309128
288773 2470.03698349
288734 2455.02710342
288728 2441.12586975
288728 2453.10497284
288728 2453.65214348
288679 2454.93292809
288679 2452.09908485
288643 2462.67986298
288643 2450.59704781
288643 2460.01601219
288595 2445.94287872
288552 2449.32603836
288522 2451.77602768
288513 2445.23096085
288510 2445.28889656
288510 2462.65912056
288510 2442.40093231
288508 2457.72814751
288496 2617.74802208
288492 2454.12111282
288492 2443.46094131
288479 2464.73193169
288479 2452.03018188
288479 2442.46816635
288479 2454.93388176
288479 2461.26103401
288438 2449.5408535
288438 2457.24582672
288438 2454.89788055
288437 2453.45807076
288437 2447.19600677
288388 2446.9230175
288382 2460.01005173
288371 2445.96004486
288343 2445.50609589
288343 2452.30984688
288343 2453.166008
288343 2450.18815994
288343 2456.36701584
288311 2462.6891613
288305 2442.29388237
288305 2454.89883423
288270 2575.37198067
288235 2497.57599831
288228 2439.46695328
288228 2466.89295769
288223 2451.85303688
288223 2451.50399208
288205 2454.87809181
288202 2448.77099991
288193 2451.00402832
288114 2448.13299179
288114 2449.83410835
288111 2441.85805321
288111 2456.45499229
288106 2450.54101944
288106 2445.82390785
288106 2451.44486427
288102 2443.08400154
288102 2448.06098938
288081 2453.84001732
288081 2431.51402473
288081 2461.58599854
288067 2453.46498489
288067 2475.36492348
288067 2464.55407143
288062 2495.61905861
288055 2547.9080677
288053 2454.55312729
288009 2459.79309082
288009 2454.2119503
288006 2450.37388802
288006 2460.14881134
288006 2459.95306969
287976 2478.19304466
287976 2470.33190727
287976 2447.18194008
287976 2470.67713737
287976 2458.46486092
287952 2457.27396011
287921 2465.39211273
287921 2474.48205948
287841 2457.4611187
287828 2450.92391968
287823 2448.33421707
287823 2440.80996513
287794 2479.16293144
287794 2451.66516304
287794 2445.15299797
287794 2461.59315109
287757 2450.45590401
287757 2587.36300468
287757 2455.44290543
287757 2448.07696342
287675 2456.66909218
287633 2442.59285927
287613 2460.93201637
287570 2439.61405754
287569 2457.67307281
287569 2456.33888245
287569 2444.72002983
287569 2449.2559433
287569 2443.25900078
287569 2452.11195946
287549 2440.3719902
287549 2460.5948925
287549 2449.69916344
287549 2460.13784409
287528 2460.91294289
287475 2450.111866
287462 2464.13397789
287462 2456.05421066
287444 2451.60293579
287435 2449.85818863
287378 2649.76286888
287378 2825.73509216
287378 2736.46402359
287346 2746.16599083
287310 2700.6919384
287237 2710.60204506
287213 2726.72605515
287176 2689.48912621
287176 2730.4930687
287173 2704.66303825
287173 2709.88702774
287173 2672.94502258
287101 2745.43905258
287076 2730.65400124
287066 2725.86417198
287062 2708.68182182
287061 2709.88702774
287061 2695.62602043
287048 2702.97694206
287048 2679.94093895
287024 2733.71100426
287024 2674.68380928
286978 2725.07190704
286972 2716.27402306
286949 2732.38611221
286906 2704.93507385
286906 2705.25312424
286906 2714.66112137
286898 2716.7699337
286898 2662.6701355
286898 2754.96888161
286898 2699.3188858
286898 2763.36193085
286894 2693.2220459
286878 2788.52391243
286878 2702.82793045
286871 2778.66697311
286871 2668.58887672
286871 2719.40994263
